"[-1, -1, -96, 4, 0]","[-1, -1, -96, 4, 0]","[-1, -1, -96, 4, 0]","[-1, -1, -96, 4, 0]"
"[-1, -1, -96, 2, 0]","[-1, -1, -96, 4, 0]","[-1, -1, -96, 4, 0]","[-1, -1, -96, 4, 0]"
"[-1, -1, -96, 2, 1]","[-1, -1, -96, 2, 0]","[-1, -1, -96, 4, 0]","[-1, -1, -96, 4, 0]"
"[-1, -1, -96, 2, 2]","[-1, -1, -96, 2, 1]","[-1, -1, -96, 2, 0]","[-1, -1, -96, 4, 0]"
"[-1, -1, -97, 2, 3]","[-1, -1, -96, 2, 2]","[-1, -1, -96, 2, 1]","[-1, -1, -96, 2, 0]"
"[-1, -1, -97, 2, 3]","[-1, -1, -97, 2, 3]","[-1, -1, -96, 2, 2]","[-1, -1, -96, 2, 1]"
"[-1, -1, -98, 2, 4]","[-1, -1, -97, 2, 3]","[-1, -1, -97, 2, 3]","[-1, -1, -96, 2, 2]"
"[-1, -1, -98, 2, 5]","[-1, -1, -98, 2, 4]","[-1, -1, -97, 2, 3]","[-1, -1, -97, 2, 3]"
"[-1, -1, -99, 2, 6]","[-1, -1, -98, 2, 5]","[-1, -1, -98, 2, 4]","[-1, -1, -97, 2, 3]"
"[-1, -1, -99, 2, 6]","[-1, -1, -99, 2, 6]","[-1, -1, -98, 2, 5]","[-1, -1, -98, 2, 4]"
"[20, 209, -98, 2, 7]","[-1, -1, -99, 2, 6]","[-1, -1, -99, 2, 6]","[-1, -1, -98, 2, 5]"
"[20, 209, -98, 2, 8]","[20, 209, -98, 2, 7]","[-1, -1, -99, 2, 6]","[-1, -1, -99, 2, 6]"
"[20, 209, -99, 2, 9]","[20, 209, -98, 2, 8]","[20, 209, -98, 2, 7]","[-1, -1, -99, 2, 6]"
"[20, 209, -99, 2, 10]","[20, 209, -99, 2, 9]","[20, 209, -98, 2, 8]","[20, 209, -98, 2, 7]"
"[23, 212, -72, 2, 10]","[20, 209, -99, 2, 10]","[20, 209, -99, 2, 9]","[20, 209, -98, 2, 8]"
"[23, 212, -72, 2, 11]","[23, 212, -72, 2, 10]","[20, 209, -99, 2, 10]","[20, 209, -99, 2, 9]"
"[23, 212, -73, 2, 12]","[23, 212, -72, 2, 11]","[23, 212, -72, 2, 10]","[20, 209, -99, 2, 10]"
"[23, 212, -73, 2, 12]","[23, 212, -73, 2, 12]","[23, 212, -72, 2, 11]","[23, 212, -72, 2, 10]"
"[25, 214, -50, 2, 13]","[23, 212, -73, 2, 12]","[23, 212, -73, 2, 12]","[23, 212, -72, 2, 11]"
"[25, 214, -51, 3.5, 13]","[25, 214, -50, 2, 13]","[23, 212, -73, 2, 12]","[23, 212, -73, 2, 12]"
"[25, 214, -51, 3.5, 14]","[25, 214, -51, 3.5, 13]","[25, 214, -50, 2, 13]","[23, 212, -73, 2, 12]"
"[25, 214, -52, 3.5, 14]","[25, 214, -51, 3.5, 14]","[25, 214, -51, 3.5, 13]","[25, 214, -50, 2, 13]"
"[58, 216, -10, 3.5, 14]","[25, 214, -52, 3.5, 14]","[25, 214, -51, 3.5, 14]","[25, 214, -51, 3.5, 13]"
"[58, 216, -11, 3.5, 14]","[58, 216, -10, 3.5, 14]","[25, 214, -52, 3.5, 14]","[25, 214, -51, 3.5, 14]"
"[58, 216, -11, 3.5, 15]","[58, 216, -11, 3.5, 14]","[58, 216, -10, 3.5, 14]","[25, 214, -52, 3.5, 14]"
"[58, 216, -12, 3.5, 15]","[58, 216, -11, 3.5, 15]","[58, 216, -11, 3.5, 14]","[58, 216, -10, 3.5, 14]"
"[29, 218, 17, 3.5, 15]","[58, 216, -12, 3.5, 15]","[58, 216, -11, 3.5, 15]","[58, 216, -11, 3.5, 14]"
"[29, 218, 17, 3.5, 15]","[29, 218, 17, 3.5, 15]","[58, 216, -12, 3.5, 15]","[58, 216, -11, 3.5, 15]"
"[29, 218, 16, 3.5, 14]","[29, 218, 17, 3.5, 15]","[29, 218, 17, 3.5, 15]","[58, 216, -12, 3.5, 15]"
"[29, 218, 16, 3.5, 14]","[29, 218, 16, 3.5, 14]","[29, 218, 17, 3.5, 15]","[29, 218, 17, 3.5, 15]"
"[166, 219, 49, 4.5, 14]","[29, 218, 16, 3.5, 14]","[29, 218, 16, 3.5, 14]","[29, 218, 17, 3.5, 15]"
"[166, 219, 49, 3.5, 14]","[166, 219, 49, 4.5, 14]","[29, 218, 16, 3.5, 14]","[29, 218, 16, 3.5, 14]"
"[166, 219, 49, 4, 13]","[166, 219, 49, 3.5, 14]","[166, 219, 49, 4.5, 14]","[29, 218, 16, 3.5, 14]"
"[166, 219, 48, 4, 13]","[166, 219, 49, 4, 13]","[166, 219, 49, 3.5, 14]","[166, 219, 49, 4.5, 14]"
"[166, 219, 48, 4, 13]","[166, 219, 48, 4, 13]","[166, 219, 49, 4, 13]","[166, 219, 49, 3.5, 14]"
"[166, 219, 48, 4, 12]","[166, 219, 48, 4, 13]","[166, 219, 48, 4, 13]","[166, 219, 49, 4, 13]"
"[222, 40, 67, 4, 12]","[166, 219, 48, 4, 12]","[166, 219, 48, 4, 13]","[166, 219, 48, 4, 13]"
"[223, 44, 64, 2, 11]","[222, 40, 67, 4, 12]","[166, 219, 48, 4, 12]","[166, 219, 48, 4, 13]"
"[223, 44, 63, 2, 11]","[223, 44, 64, 2, 11]","[222, 40, 67, 4, 12]","[166, 219, 48, 4, 12]"
"[223, 44, 63, 2, 10]","[223, 44, 63, 2, 11]","[223, 44, 64, 2, 11]","[222, 40, 67, 4, 12]"
"[223, 44, 63, 2, 10]","[223, 44, 63, 2, 10]","[223, 44, 63, 2, 11]","[223, 44, 64, 2, 11]"
"[223, 44, 63, 2, 9]","[223, 44, 63, 2, 10]","[223, 44, 63, 2, 10]","[223, 44, 63, 2, 11]"
"[224, 45, 59, 2, 9]","[223, 44, 63, 2, 9]","[223, 44, 63, 2, 10]","[223, 44, 63, 2, 10]"
"[224, 45, 59, 3.5, 8]","[224, 45, 59, 2, 9]","[223, 44, 63, 2, 9]","[223, 44, 63, 2, 10]"
"[224, 45, 59, 3.5, 8]","[224, 45, 59, 3.5, 8]","[224, 45, 59, 2, 9]","[223, 44, 63, 2, 9]"
"[224, 45, 59, 3.5, 8]","[224, 45, 59, 3.5, 8]","[224, 45, 59, 3.5, 8]","[224, 45, 59, 2, 9]"
"[225, 109, 49, 3.5, 7]","[224, 45, 59, 3.5, 8]","[224, 45, 59, 3.5, 8]","[224, 45, 59, 3.5, 8]"
"[225, 109, 49, 4, 7]","[225, 109, 49, 3.5, 7]","[224, 45, 59, 3.5, 8]","[224, 45, 59, 3.5, 8]"
"[225, 109, 49, 4, 6]","[225, 109, 49, 4, 7]","[225, 109, 49, 3.5, 7]","[224, 45, 59, 3.5, 8]"
"[225, 109, 49, 4, 6]","[225, 109, 49, 4, 6]","[225, 109, 49, 4, 7]","[225, 109, 49, 3.5, 7]"
"[226, 37, 45, 3.5, 6]","[225, 109, 49, 4, 6]","[225, 109, 49, 4, 6]","[225, 109, 49, 4, 7]"
"[226, 37, 45, 4, 5]","[226, 37, 45, 3.5, 6]","[225, 109, 49, 4, 6]","[225, 109, 49, 4, 6]"
"[226, 37, 44, 4, 5]","[226, 37, 45, 4, 5]","[226, 37, 45, 3.5, 6]","[225, 109, 49, 4, 6]"
"[227, 38, 30, 4, 4]","[226, 37, 44, 4, 5]","[226, 37, 45, 4, 5]","[226, 37, 45, 3.5, 6]"
"[227, 38, 30, 4, 4]","[227, 38, 30, 4, 4]","[226, 37, 44, 4, 5]","[226, 37, 45, 4, 5]"
"[227, 38, 30, 4, 4]","[227, 38, 30, 4, 4]","[227, 38, 30, 4, 4]","[226, 37, 44, 4, 5]"
"[227, 38, 30, 4, 4]","[227, 38, 30, 4, 4]","[227, 38, 30, 4, 4]","[227, 38, 30, 4, 4]"
"[227, 38, 30, 4, 3]","[227, 38, 30, 4, 4]","[227, 38, 30, 4, 4]","[227, 38, 30, 4, 4]"
"[228, 57, 15, 4, 3]","[227, 38, 30, 4, 3]","[227, 38, 30, 4, 4]","[227, 38, 30, 4, 4]"
"[228, 57, 15, 4, 3]","[228, 57, 15, 4, 3]","[227, 38, 30, 4, 3]","[227, 38, 30, 4, 4]"
"[228, 57, 15, 4, 3]","[228, 57, 15, 4, 3]","[228, 57, 15, 4, 3]","[227, 38, 30, 4, 3]"
"[228, 57, 15, 4, 3]","[228, 57, 15, 4, 3]","[228, 57, 15, 4, 3]","[228, 57, 15, 4, 3]"
"[228, 113, -6, 4, 3]","[228, 57, 15, 4, 3]","[228, 57, 15, 4, 3]","[228, 57, 15, 4, 3]"
"[228, 113, -6, 4, 3]","[228, 113, -6, 4, 3]","[228, 57, 15, 4, 3]","[228, 57, 15, 4, 3]"
"[228, 113, -6, 4, 3]","[228, 113, -6, 4, 3]","[228, 113, -6, 4, 3]","[228, 57, 15, 4, 3]"
"[228, 172, -19, 4, 3]","[228, 113, -6, 4, 3]","[228, 113, -6, 4, 3]","[228, 113, -6, 4, 3]"
"[228, 172, -19, 3.5, 3]","[228, 172, -19, 4, 3]","[228, 113, -6, 4, 3]","[228, 113, -6, 4, 3]"
"[228, 172, -19, 3.5, 3]","[228, 172, -19, 3.5, 3]","[228, 172, -19, 4, 3]","[228, 113, -6, 4, 3]"
"[228, 172, -19, 3.5, 3]","[228, 172, -19, 3.5, 3]","[228, 172, -19, 3.5, 3]","[228, 172, -19, 4, 3]"
"[201, 228, -23, 3.5, 4]","[228, 172, -19, 3.5, 3]","[228, 172, -19, 3.5, 3]","[228, 172, -19, 3.5, 3]"
"[201, 228, -23, 3.5, 4]","[201, 228, -23, 3.5, 4]","[228, 172, -19, 3.5, 3]","[228, 172, -19, 3.5, 3]"
"[201, 228, -23, 3.5, 4]","[201, 228, -23, 3.5, 4]","[201, 228, -23, 3.5, 4]","[228, 172, -19, 3.5, 3]"
"[158, 228, -21, 6, 4]","[201, 228, -23, 3.5, 4]","[201, 228, -23, 3.5, 4]","[201, 228, -23, 3.5, 4]"
"[158, 228, -21, 6, 4]","[158, 228, -21, 6, 4]","[201, 228, -23, 3.5, 4]","[201, 228, -23, 3.5, 4]"
"[158, 228, -21, 3.5, 4]","[158, 228, -21, 6, 4]","[158, 228, -21, 6, 4]","[201, 228, -23, 3.5, 4]"
"[158, 228, -21, 3.5, 5]","[158, 228, -21, 3.5, 4]","[158, 228, -21, 6, 4]","[158, 228, -21, 6, 4]"
"[144, 228, -15, 3.5, 5]","[158, 228, -21, 3.5, 5]","[158, 228, -21, 3.5, 4]","[158, 228, -21, 6, 4]"
"[144, 228, -15, 3.5, 5]","[144, 228, -15, 3.5, 5]","[158, 228, -21, 3.5, 5]","[158, 228, -21, 3.5, 4]"
"[144, 228, -15, 3.5, 5]","[144, 228, -15, 3.5, 5]","[144, 228, -15, 3.5, 5]","[158, 228, -21, 3.5, 5]"
"[144, 228, -15, 3.5, 5]","[144, 228, -15, 3.5, 5]","[144, 228, -15, 3.5, 5]","[144, 228, -15, 3.5, 5]"
"[150, 228, -5, 3.5, 5]","[144, 228, -15, 3.5, 5]","[144, 228, -15, 3.5, 5]","[144, 228, -15, 3.5, 5]"
"[150, 228, -5, 3.5, 5]","[150, 228, -5, 3.5, 5]","[144, 228, -15, 3.5, 5]","[144, 228, -15, 3.5, 5]"
"[150, 228, -4, 3.5, 5]","[150, 228, -5, 3.5, 5]","[150, 228, -5, 3.5, 5]","[144, 228, -15, 3.5, 5]"
"[150, 228, -4, 3.5, 5]","[150, 228, -4, 3.5, 5]","[150, 228, -5, 3.5, 5]","[150, 228, -5, 3.5, 5]"
"[170, 227, 4, 3.5, 5]","[150, 228, -4, 3.5, 5]","[150, 228, -4, 3.5, 5]","[150, 228, -5, 3.5, 5]"
"[170, 227, 4, 3.5, 5]","[170, 227, 4, 3.5, 5]","[150, 228, -4, 3.5, 5]","[150, 228, -4, 3.5, 5]"
"[170, 227, 5, 4.5, 5]","[170, 227, 4, 3.5, 5]","[170, 227, 4, 3.5, 5]","[150, 228, -4, 3.5, 5]"
"[170, 227, 5, 6, 5]","[170, 227, 5, 4.5, 5]","[170, 227, 4, 3.5, 5]","[170, 227, 4, 3.5, 5]"
"[207, 226, 17, 6, 5]","[170, 227, 5, 6, 5]","[170, 227, 5, 4.5, 5]","[170, 227, 4, 3.5, 5]"
"[207, 226, 18, 3.5, 5]","[207, 226, 17, 6, 5]","[170, 227, 5, 6, 5]","[170, 227, 5, 4.5, 5]"
"[207, 226, 18, 6, 5]","[207, 226, 18, 3.5, 5]","[207, 226, 17, 6, 5]","[170, 227, 5, 6, 5]"
"[207, 226, 18, 6, 5]","[207, 226, 18, 6, 5]","[207, 226, 18, 3.5, 5]","[207, 226, 17, 6, 5]"
"[225, 201, 26, 6, 5]","[207, 226, 18, 6, 5]","[207, 226, 18, 6, 5]","[207, 226, 18, 3.5, 5]"
"[225, 201, 26, 6, 4]","[225, 201, 26, 6, 5]","[207, 226, 18, 6, 5]","[207, 226, 18, 6, 5]"
"[225, 201, 26, 3.5, 4]","[225, 201, 26, 6, 4]","[225, 201, 26, 6, 5]","[207, 226, 18, 6, 5]"
"[225, 201, 27, 3.5, 4]","[225, 201, 26, 3.5, 4]","[225, 201, 26, 6, 4]","[225, 201, 26, 6, 5]"
"[223, 121, 27, 3.5, 4]","[225, 201, 27, 3.5, 4]","[225, 201, 26, 3.5, 4]","[225, 201, 26, 6, 4]"
"[223, 121, 27, 3.5, 4]","[223, 121, 27, 3.5, 4]","[225, 201, 27, 3.5, 4]","[225, 201, 26, 3.5, 4]"
"[223, 121, 28, 3.5, 3]","[223, 121, 27, 3.5, 4]","[223, 121, 27, 3.5, 4]","[225, 201, 27, 3.5, 4]"
"[223, 121, 28, 3.5, 3]","[223, 121, 28, 3.5, 3]","[223, 121, 27, 3.5, 4]","[223, 121, 27, 3.5, 4]"
"[222, 136, 18, 3.5, 3]","[223, 121, 28, 3.5, 3]","[223, 121, 28, 3.5, 3]","[223, 121, 27, 3.5, 4]"
"[222, 136, 18, 3.5, 3]","[222, 136, 18, 3.5, 3]","[223, 121, 28, 3.5, 3]","[223, 121, 28, 3.5, 3]"
"[222, 136, 18, 3.5, 3]","[222, 136, 18, 3.5, 3]","[222, 136, 18, 3.5, 3]","[223, 121, 28, 3.5, 3]"
"[222, 136, 19, 3.5, 2]","[222, 136, 18, 3.5, 3]","[222, 136, 18, 3.5, 3]","[222, 136, 18, 3.5, 3]"
"[221, 127, 14, 3.5, 2]","[222, 136, 19, 3.5, 2]","[222, 136, 18, 3.5, 3]","[222, 136, 18, 3.5, 3]"
"[221, 127, 15, 3.5, 2]","[221, 127, 14, 3.5, 2]","[222, 136, 19, 3.5, 2]","[222, 136, 18, 3.5, 3]"
"[221, 127, 15, 3.5, 2]","[221, 127, 15, 3.5, 2]","[221, 127, 14, 3.5, 2]","[222, 136, 19, 3.5, 2]"
"[221, 127, 16, 3.5, 2]","[221, 127, 15, 3.5, 2]","[221, 127, 15, 3.5, 2]","[221, 127, 14, 3.5, 2]"
"[219, 156, 14, 3.5, 2]","[221, 127, 16, 3.5, 2]","[221, 127, 15, 3.5, 2]","[221, 127, 15, 3.5, 2]"
"[219, 156, 15, 3.5, 2]","[219, 156, 14, 3.5, 2]","[221, 127, 16, 3.5, 2]","[221, 127, 15, 3.5, 2]"
"[219, 156, 15, 3.5, 2]","[219, 156, 15, 3.5, 2]","[219, 156, 14, 3.5, 2]","[221, 127, 16, 3.5, 2]"
"[219, 156, 16, 3.5, 2]","[219, 156, 15, 3.5, 2]","[219, 156, 15, 3.5, 2]","[219, 156, 14, 3.5, 2]"
"[217, 167, 19, 3.5, 1]","[219, 156, 16, 3.5, 2]","[219, 156, 15, 3.5, 2]","[219, 156, 15, 3.5, 2]"
"[217, 167, 19, 3.5, 1]","[217, 167, 19, 3.5, 1]","[219, 156, 16, 3.5, 2]","[219, 156, 15, 3.5, 2]"
"[217, 167, 20, 3.5, 1]","[217, 167, 19, 3.5, 1]","[217, 167, 19, 3.5, 1]","[219, 156, 16, 3.5, 2]"
"[217, 167, 20, 3.5, 1]","[217, 167, 20, 3.5, 1]","[217, 167, 19, 3.5, 1]","[217, 167, 19, 3.5, 1]"
"[215, 165, 21, 3.5, 1]","[217, 167, 20, 3.5, 1]","[217, 167, 20, 3.5, 1]","[217, 167, 19, 3.5, 1]"
"[215, 165, 21, 3.5, 1]","[215, 165, 21, 3.5, 1]","[217, 167, 20, 3.5, 1]","[217, 167, 20, 3.5, 1]"
"[215, 165, 22, 3.5, 0]","[215, 165, 21, 3.5, 1]","[215, 165, 21, 3.5, 1]","[217, 167, 20, 3.5, 1]"
"[215, 165, 22, 3.5, 0]","[215, 165, 22, 3.5, 0]","[215, 165, 21, 3.5, 1]","[215, 165, 21, 3.5, 1]"
"[214, 150, 20, 3.5, 0]","[215, 165, 22, 3.5, 0]","[215, 165, 22, 3.5, 0]","[215, 165, 21, 3.5, 1]"
"[214, 150, 21, 3.5, 0]","[214, 150, 20, 3.5, 0]","[215, 165, 22, 3.5, 0]","[215, 165, 22, 3.5, 0]"
"[214, 150, 21, 3.5, 0]","[214, 150, 21, 3.5, 0]","[214, 150, 20, 3.5, 0]","[215, 165, 22, 3.5, 0]"
"[214, 150, 22, 3.5, 0]","[214, 150, 21, 3.5, 0]","[214, 150, 21, 3.5, 0]","[214, 150, 20, 3.5, 0]"
"[212, 136, 24, 3.5, 0]","[214, 150, 22, 3.5, 0]","[214, 150, 21, 3.5, 0]","[214, 150, 21, 3.5, 0]"
"[212, 136, 24, 3.5, 0]","[212, 136, 24, 3.5, 0]","[214, 150, 22, 3.5, 0]","[214, 150, 21, 3.5, 0]"
"[212, 136, 24, 3.5, 0]","[212, 136, 24, 3.5, 0]","[212, 136, 24, 3.5, 0]","[214, 150, 22, 3.5, 0]"
"[212, 136, 25, 3.5, 0]","[212, 136, 24, 3.5, 0]","[212, 136, 24, 3.5, 0]","[212, 136, 24, 3.5, 0]"
"[209, 136, 21, 3.5, 0]","[212, 136, 25, 3.5, 0]","[212, 136, 24, 3.5, 0]","[212, 136, 24, 3.5, 0]"
"[209, 136, 22, 3.5, -1]","[209, 136, 21, 3.5, 0]","[212, 136, 25, 3.5, 0]","[212, 136, 24, 3.5, 0]"
"[209, 136, 22, 3.5, -1]","[209, 136, 22, 3.5, -1]","[209, 136, 21, 3.5, 0]","[212, 136, 25, 3.5, 0]"
"[209, 136, 23, 3.5, -1]","[209, 136, 22, 3.5, -1]","[209, 136, 22, 3.5, -1]","[209, 136, 21, 3.5, 0]"
"[209, 125, 20, 3.5, -1]","[209, 136, 23, 3.5, -1]","[209, 136, 22, 3.5, -1]","[209, 136, 22, 3.5, -1]"
"[209, 125, 21, 3.5, -1]","[209, 125, 20, 3.5, -1]","[209, 136, 23, 3.5, -1]","[209, 136, 22, 3.5, -1]"
"[209, 125, 21, 3.5, -1]","[209, 125, 21, 3.5, -1]","[209, 125, 20, 3.5, -1]","[209, 136, 23, 3.5, -1]"
"[206, 128, 17, 3.5, -2]","[209, 125, 21, 3.5, -1]","[209, 125, 21, 3.5, -1]","[209, 125, 20, 3.5, -1]"
"[206, 128, 17, 3.5, -2]","[206, 128, 17, 3.5, -2]","[209, 125, 21, 3.5, -1]","[209, 125, 21, 3.5, -1]"
"[206, 128, 18, 3.5, -2]","[206, 128, 17, 3.5, -2]","[206, 128, 17, 3.5, -2]","[209, 125, 21, 3.5, -1]"
"[205, 130, 12, 3.5, -2]","[206, 128, 18, 3.5, -2]","[206, 128, 17, 3.5, -2]","[206, 128, 17, 3.5, -2]"
"[205, 130, 13, 3.5, -2]","[205, 130, 12, 3.5, -2]","[206, 128, 18, 3.5, -2]","[206, 128, 17, 3.5, -2]"
"[205, 130, 13, 3.5, -2]","[205, 130, 13, 3.5, -2]","[205, 130, 12, 3.5, -2]","[206, 128, 18, 3.5, -2]"
"[205, 130, 13, 3.5, -2]","[205, 130, 13, 3.5, -2]","[205, 130, 13, 3.5, -2]","[205, 130, 12, 3.5, -2]"
"[203, 142, 11, 3.5, -2]","[205, 130, 13, 3.5, -2]","[205, 130, 13, 3.5, -2]","[205, 130, 13, 3.5, -2]"
"[203, 142, 11, 3.5, -2]","[203, 142, 11, 3.5, -2]","[205, 130, 13, 3.5, -2]","[205, 130, 13, 3.5, -2]"
"[202, 154, 10, 3.5, -3]","[203, 142, 11, 3.5, -2]","[203, 142, 11, 3.5, -2]","[205, 130, 13, 3.5, -2]"
"[202, 154, 10, 3.5, -3]","[202, 154, 10, 3.5, -3]","[203, 142, 11, 3.5, -2]","[203, 142, 11, 3.5, -2]"
"[202, 154, 11, 3.5, -3]","[202, 154, 10, 3.5, -3]","[202, 154, 10, 3.5, -3]","[203, 142, 11, 3.5, -2]"
"[201, 160, 9, 3.5, -3]","[202, 154, 11, 3.5, -3]","[202, 154, 10, 3.5, -3]","[202, 154, 10, 3.5, -3]"
"[201, 160, 10, 3.5, -3]","[201, 160, 9, 3.5, -3]","[202, 154, 11, 3.5, -3]","[202, 154, 10, 3.5, -3]"
"[201, 160, 10, 3.5, -3]","[201, 160, 10, 3.5, -3]","[201, 160, 9, 3.5, -3]","[202, 154, 11, 3.5, -3]"
"[199, 161, 9, 3.5, -3]","[201, 160, 10, 3.5, -3]","[201, 160, 10, 3.5, -3]","[201, 160, 9, 3.5, -3]"
"[199, 161, 10, 3.5, -3]","[199, 161, 9, 3.5, -3]","[201, 160, 10, 3.5, -3]","[201, 160, 10, 3.5, -3]"
"[199, 161, 10, 3.5, -3]","[199, 161, 10, 3.5, -3]","[199, 161, 9, 3.5, -3]","[201, 160, 10, 3.5, -3]"
"[198, 160, 14, 3.5, -3]","[199, 161, 10, 3.5, -3]","[199, 161, 10, 3.5, -3]","[199, 161, 9, 3.5, -3]"
"[198, 160, 14, 3.5, -3]","[198, 160, 14, 3.5, -3]","[199, 161, 10, 3.5, -3]","[199, 161, 10, 3.5, -3]"
"[198, 160, 14, 3.5, -4]","[198, 160, 14, 3.5, -3]","[198, 160, 14, 3.5, -3]","[199, 161, 10, 3.5, -3]"
"[197, 159, 16, 3.5, -4]","[198, 160, 14, 3.5, -4]","[198, 160, 14, 3.5, -3]","[198, 160, 14, 3.5, -3]"
"[197, 159, 16, 3.5, -4]","[197, 159, 16, 3.5, -4]","[198, 160, 14, 3.5, -4]","[198, 160, 14, 3.5, -3]"
"[197, 159, 16, 3.5, -4]","[197, 159, 16, 3.5, -4]","[197, 159, 16, 3.5, -4]","[198, 160, 14, 3.5, -4]"
"[197, 159, 17, 3.5, -4]","[197, 159, 16, 3.5, -4]","[197, 159, 16, 3.5, -4]","[197, 159, 16, 3.5, -4]"
"[196, 143, 16, 3.5, -4]","[197, 159, 17, 3.5, -4]","[197, 159, 16, 3.5, -4]","[197, 159, 16, 3.5, -4]"
"[196, 143, 16, 3.5, -4]","[196, 143, 16, 3.5, -4]","[197, 159, 17, 3.5, -4]","[197, 159, 16, 3.5, -4]"
"[196, 143, 17, 3.5, -4]","[196, 143, 16, 3.5, -4]","[196, 143, 16, 3.5, -4]","[197, 159, 17, 3.5, -4]"
"[196, 143, 17, 3.5, -5]","[196, 143, 17, 3.5, -4]","[196, 143, 16, 3.5, -4]","[196, 143, 16, 3.5, -4]"
"[194, 130, 16, 3.5, -5]","[196, 143, 17, 3.5, -5]","[196, 143, 17, 3.5, -4]","[196, 143, 16, 3.5, -4]"
"[194, 130, 17, 3.5, -5]","[194, 130, 16, 3.5, -5]","[196, 143, 17, 3.5, -5]","[196, 143, 17, 3.5, -4]"
"[194, 130, 17, 3.5, -5]","[194, 130, 17, 3.5, -5]","[194, 130, 16, 3.5, -5]","[196, 143, 17, 3.5, -5]"
"[193, 129, 17, 3.5, -5]","[194, 130, 17, 3.5, -5]","[194, 130, 17, 3.5, -5]","[194, 130, 16, 3.5, -5]"
"[193, 129, 17, 3.5, -5]","[193, 129, 17, 3.5, -5]","[194, 130, 17, 3.5, -5]","[194, 130, 17, 3.5, -5]"
"[193, 129, 18, 3.5, -5]","[193, 129, 17, 3.5, -5]","[193, 129, 17, 3.5, -5]","[194, 130, 17, 3.5, -5]"
"[192, 128, 18, 3.5, -5]","[193, 129, 18, 3.5, -5]","[193, 129, 17, 3.5, -5]","[193, 129, 17, 3.5, -5]"
"[192, 128, 18, 3.5, -6]","[192, 128, 18, 3.5, -5]","[193, 129, 18, 3.5, -5]","[193, 129, 17, 3.5, -5]"
"[192, 128, 18, 3.5, -6]","[192, 128, 18, 3.5, -6]","[192, 128, 18, 3.5, -5]","[193, 129, 18, 3.5, -5]"
"[191, 126, 17, 3.5, -6]","[192, 128, 18, 3.5, -6]","[192, 128, 18, 3.5, -6]","[192, 128, 18, 3.5, -5]"
"[191, 126, 17, 3.5, -6]","[191, 126, 17, 3.5, -6]","[192, 128, 18, 3.5, -6]","[192, 128, 18, 3.5, -6]"
"[191, 126, 18, 3.5, -6]","[191, 126, 17, 3.5, -6]","[191, 126, 17, 3.5, -6]","[192, 128, 18, 3.5, -6]"
"[191, 126, 18, 3.5, -6]","[191, 126, 18, 3.5, -6]","[191, 126, 17, 3.5, -6]","[191, 126, 17, 3.5, -6]"
"[191, 122, 16, 3.5, -6]","[191, 126, 18, 3.5, -6]","[191, 126, 18, 3.5, -6]","[191, 126, 17, 3.5, -6]"
"[191, 122, 16, 3.5, -7]","[191, 122, 16, 3.5, -6]","[191, 126, 18, 3.5, -6]","[191, 126, 18, 3.5, -6]"
"[191, 122, 16, 3.5, -7]","[191, 122, 16, 3.5, -7]","[191, 122, 16, 3.5, -6]","[191, 126, 18, 3.5, -6]"
"[190, 124, 17, 3.5, -7]","[191, 122, 16, 3.5, -7]","[191, 122, 16, 3.5, -7]","[191, 122, 16, 3.5, -6]"
"[190, 124, 17, 3.5, -7]","[190, 124, 17, 3.5, -7]","[191, 122, 16, 3.5, -7]","[191, 122, 16, 3.5, -7]"
"[190, 124, 17, 3.5, -7]","[190, 124, 17, 3.5, -7]","[190, 124, 17, 3.5, -7]","[191, 122, 16, 3.5, -7]"
"[190, 127, 15, 3.5, -7]","[190, 124, 17, 3.5, -7]","[190, 124, 17, 3.5, -7]","[190, 124, 17, 3.5, -7]"
"[190, 127, 15, 3.5, -7]","[190, 127, 15, 3.5, -7]","[190, 124, 17, 3.5, -7]","[190, 124, 17, 3.5, -7]"
"[190, 127, 15, 3.5, -8]","[190, 127, 15, 3.5, -7]","[190, 127, 15, 3.5, -7]","[190, 124, 17, 3.5, -7]"
"[190, 127, 15, 3.5, -8]","[190, 127, 15, 3.5, -8]","[190, 127, 15, 3.5, -7]","[190, 127, 15, 3.5, -7]"
"[190, 123, 13, 3.5, -8]","[190, 127, 15, 3.5, -8]","[190, 127, 15, 3.5, -8]","[190, 127, 15, 3.5, -7]"
"[190, 123, 13, 3.5, -8]","[190, 123, 13, 3.5, -8]","[190, 127, 15, 3.5, -8]","[190, 127, 15, 3.5, -8]"
"[190, 123, 13, 3.5, -8]","[190, 123, 13, 3.5, -8]","[190, 123, 13, 3.5, -8]","[190, 127, 15, 3.5, -8]"
"[190, 123, 13, 3.5, -8]","[190, 123, 13, 3.5, -8]","[190, 123, 13, 3.5, -8]","[190, 123, 13, 3.5, -8]"
"[190, 130, 10, 3.5, -8]","[190, 123, 13, 3.5, -8]","[190, 123, 13, 3.5, -8]","[190, 123, 13, 3.5, -8]"
"[190, 130, 10, 3.5, -8]","[190, 130, 10, 3.5, -8]","[190, 123, 13, 3.5, -8]","[190, 123, 13, 3.5, -8]"
"[190, 130, 10, 3.5, -8]","[190, 130, 10, 3.5, -8]","[190, 130, 10, 3.5, -8]","[190, 123, 13, 3.5, -8]"
"[190, 136, 5, 3.5, -8]","[190, 130, 10, 3.5, -8]","[190, 130, 10, 3.5, -8]","[190, 130, 10, 3.5, -8]"
"[190, 136, 5, 3.5, -8]","[190, 136, 5, 3.5, -8]","[190, 130, 10, 3.5, -8]","[190, 130, 10, 3.5, -8]"
"[190, 136, 5, 3.5, -8]","[190, 136, 5, 3.5, -8]","[190, 136, 5, 3.5, -8]","[190, 130, 10, 3.5, -8]"
"[190, 147, 4, 3.5, -9]","[190, 136, 5, 3.5, -8]","[190, 136, 5, 3.5, -8]","[190, 136, 5, 3.5, -8]"
"[190, 147, 4, 3.5, -9]","[190, 147, 4, 3.5, -9]","[190, 136, 5, 3.5, -8]","[190, 136, 5, 3.5, -8]"
"[190, 147, 4, 3.5, -9]","[190, 147, 4, 3.5, -9]","[190, 147, 4, 3.5, -9]","[190, 136, 5, 3.5, -8]"
"[190, 147, 3, 3.5, -9]","[190, 147, 4, 3.5, -9]","[190, 147, 4, 3.5, -9]","[190, 147, 4, 3.5, -9]"
"[190, 164, 4, 3.5, -9]","[190, 147, 3, 3.5, -9]","[190, 147, 4, 3.5, -9]","[190, 147, 4, 3.5, -9]"
"[190, 164, 4, 3.5, -9]","[190, 164, 4, 3.5, -9]","[190, 147, 3, 3.5, -9]","[190, 147, 4, 3.5, -9]"
"[190, 164, 4, 3.5, -9]","[190, 164, 4, 3.5, -9]","[190, 164, 4, 3.5, -9]","[190, 147, 3, 3.5, -9]"
"[190, 164, 4, 3.5, -9]","[190, 164, 4, 3.5, -9]","[190, 164, 4, 3.5, -9]","[190, 164, 4, 3.5, -9]"
"[191, 168, 1, 3.5, -9]","[190, 164, 4, 3.5, -9]","[190, 164, 4, 3.5, -9]","[190, 164, 4, 3.5, -9]"
"[191, 168, 1, 3.5, -9]","[191, 168, 1, 3.5, -9]","[190, 164, 4, 3.5, -9]","[190, 164, 4, 3.5, -9]"
"[191, 168, 1, 3.5, -9]","[191, 168, 1, 3.5, -9]","[191, 168, 1, 3.5, -9]","[190, 164, 4, 3.5, -9]"
"[192, 169, -2, 3.5, -9]","[191, 168, 1, 3.5, -9]","[191, 168, 1, 3.5, -9]","[191, 168, 1, 3.5, -9]"
"[192, 169, -3, 3.5, -9]","[192, 169, -2, 3.5, -9]","[191, 168, 1, 3.5, -9]","[191, 168, 1, 3.5, -9]"
"[192, 169, -3, 3.5, -9]","[192, 169, -3, 3.5, -9]","[192, 169, -2, 3.5, -9]","[191, 168, 1, 3.5, -9]"
"[192, 169, -3, 3.5, -9]","[192, 169, -3, 3.5, -9]","[192, 169, -3, 3.5, -9]","[192, 169, -2, 3.5, -9]"
"[192, 180, -2, 3.5, -9]","[192, 169, -3, 3.5, -9]","[192, 169, -3, 3.5, -9]","[192, 169, -3, 3.5, -9]"
"[192, 180, -2, 3.5, -9]","[192, 180, -2, 3.5, -9]","[192, 169, -3, 3.5, -9]","[192, 169, -3, 3.5, -9]"
"[192, 180, -2, 3.5, -9]","[192, 180, -2, 3.5, -9]","[192, 180, -2, 3.5, -9]","[192, 169, -3, 3.5, -9]"
"[192, 193, 0, 3.5, -9]","[192, 180, -2, 3.5, -9]","[192, 180, -2, 3.5, -9]","[192, 180, -2, 3.5, -9]"
"[192, 193, 0, 3.5, -9]","[192, 193, 0, 3.5, -9]","[192, 180, -2, 3.5, -9]","[192, 180, -2, 3.5, -9]"
"[192, 193, 0, 3.5, -9]","[192, 193, 0, 3.5, -9]","[192, 193, 0, 3.5, -9]","[192, 180, -2, 3.5, -9]"
"[192, 193, -1, 3.5, -9]","[192, 193, 0, 3.5, -9]","[192, 193, 0, 3.5, -9]","[192, 193, 0, 3.5, -9]"
"[192, 193, -1, 3.5, -9]","[192, 193, -1, 3.5, -9]","[192, 193, 0, 3.5, -9]","[192, 193, 0, 3.5, -9]"
"[195, 193, -5, 3.5, -9]","[192, 193, -1, 3.5, -9]","[192, 193, -1, 3.5, -9]","[192, 193, 0, 3.5, -9]"
"[195, 193, -6, 3.5, -9]","[195, 193, -5, 3.5, -9]","[192, 193, -1, 3.5, -9]","[192, 193, -1, 3.5, -9]"
"[195, 193, -6, 3.5, -9]","[195, 193, -6, 3.5, -9]","[195, 193, -5, 3.5, -9]","[192, 193, -1, 3.5, -9]"
"[196, 187, -10, 3.5, -9]","[195, 193, -6, 3.5, -9]","[195, 193, -6, 3.5, -9]","[195, 193, -5, 3.5, -9]"
"[196, 187, -10, 3.5, -8]","[196, 187, -10, 3.5, -9]","[195, 193, -6, 3.5, -9]","[195, 193, -6, 3.5, -9]"
"[196, 187, -10, 3.5, -8]","[196, 187, -10, 3.5, -8]","[196, 187, -10, 3.5, -9]","[195, 193, -6, 3.5, -9]"
"[196, 187, -11, 3.5, -8]","[196, 187, -10, 3.5, -8]","[196, 187, -10, 3.5, -8]","[196, 187, -10, 3.5, -9]"
"[187, 198, -13, 3.5, -8]","[196, 187, -11, 3.5, -8]","[196, 187, -10, 3.5, -8]","[196, 187, -10, 3.5, -8]"
"[187, 198, -14, 3.5, -8]","[187, 198, -13, 3.5, -8]","[196, 187, -11, 3.5, -8]","[196, 187, -10, 3.5, -8]"
"[187, 198, -14, 3.5, -8]","[187, 198, -14, 3.5, -8]","[187, 198, -13, 3.5, -8]","[196, 187, -11, 3.5, -8]"
"[187, 198, -15, 3.5, -8]","[187, 198, -14, 3.5, -8]","[187, 198, -14, 3.5, -8]","[187, 198, -13, 3.5, -8]"
"[170, 199, -17, 6, -8]","[187, 198, -15, 3.5, -8]","[187, 198, -14, 3.5, -8]","[187, 198, -14, 3.5, -8]"
"[170, 199, -18, 6, -8]","[170, 199, -17, 6, -8]","[187, 198, -15, 3.5, -8]","[187, 198, -14, 3.5, -8]"
"[170, 199, -18, 6, -7]","[170, 199, -18, 6, -8]","[170, 199, -17, 6, -8]","[187, 198, -15, 3.5, -8]"
"[170, 199, -18, 6, -7]","[170, 199, -18, 6, -7]","[170, 199, -18, 6, -8]","[170, 199, -17, 6, -8]"
"[161, 201, -17, 3.5, -7]","[170, 199, -18, 6, -7]","[170, 199, -18, 6, -7]","[170, 199, -18, 6, -8]"
"[161, 201, -17, 3.5, -7]","[161, 201, -17, 3.5, -7]","[170, 199, -18, 6, -7]","[170, 199, -18, 6, -7]"
"[161, 201, -18, 3.5, -7]","[161, 201, -17, 3.5, -7]","[161, 201, -17, 3.5, -7]","[170, 199, -18, 6, -7]"
"[161, 201, -18, 3.5, -7]","[161, 201, -18, 3.5, -7]","[161, 201, -17, 3.5, -7]","[161, 201, -17, 3.5, -7]"
"[148, 203, -15, 3.5, -7]","[161, 201, -18, 3.5, -7]","[161, 201, -18, 3.5, -7]","[161, 201, -17, 3.5, -7]"
"[148, 203, -15, 6, -6]","[148, 203, -15, 3.5, -7]","[161, 201, -18, 3.5, -7]","[161, 201, -18, 3.5, -7]"
"[148, 203, -16, 3.5, -6]","[148, 203, -15, 6, -6]","[148, 203, -15, 3.5, -7]","[161, 201, -18, 3.5, -7]"
"[148, 203, -16, 3.5, -6]","[148, 203, -16, 3.5, -6]","[148, 203, -15, 6, -6]","[148, 203, -15, 3.5, -7]"
"[149, 204, -11, 3.5, -6]","[148, 203, -16, 3.5, -6]","[148, 203, -16, 3.5, -6]","[148, 203, -15, 6, -6]"
"[149, 204, -11, 3.5, -6]","[149, 204, -11, 3.5, -6]","[148, 203, -16, 3.5, -6]","[148, 203, -16, 3.5, -6]"
"[149, 204, -12, 3.5, -6]","[149, 204, -11, 3.5, -6]","[149, 204, -11, 3.5, -6]","[148, 203, -16, 3.5, -6]"
"[149, 204, -12, 3.5, -6]","[149, 204, -12, 3.5, -6]","[149, 204, -11, 3.5, -6]","[149, 204, -11, 3.5, -6]"
"[157, 206, -11, 3.5, -6]","[149, 204, -12, 3.5, -6]","[149, 204, -12, 3.5, -6]","[149, 204, -11, 3.5, -6]"
"[157, 206, -11, 3.5, -6]","[157, 206, -11, 3.5, -6]","[149, 204, -12, 3.5, -6]","[149, 204, -12, 3.5, -6]"
"[157, 206, -11, 3.5, -6]","[157, 206, -11, 3.5, -6]","[157, 206, -11, 3.5, -6]","[149, 204, -12, 3.5, -6]"
"[157, 206, -11, 3.5, -5]","[157, 206, -11, 3.5, -6]","[157, 206, -11, 3.5, -6]","[157, 206, -11, 3.5, -6]"
"[174, 209, -11, 6, -5]","[157, 206, -11, 3.5, -5]","[157, 206, -11, 3.5, -6]","[157, 206, -11, 3.5, -6]"
"[174, 209, -12, 3.5, -5]","[174, 209, -11, 6, -5]","[157, 206, -11, 3.5, -5]","[157, 206, -11, 3.5, -6]"
"[174, 209, -12, 6, -5]","[174, 209, -12, 3.5, -5]","[174, 209, -11, 6, -5]","[157, 206, -11, 3.5, -5]"
"[177, 209, -6, 3.5, -5]","[174, 209, -12, 6, -5]","[174, 209, -12, 3.5, -5]","[174, 209, -11, 6, -5]"
"[177, 209, -6, 6, -5]","[177, 209, -6, 3.5, -5]","[174, 209, -12, 6, -5]","[174, 209, -12, 3.5, -5]"
"[177, 209, -7, 6, -5]","[177, 209, -6, 6, -5]","[177, 209, -6, 3.5, -5]","[174, 209, -12, 6, -5]"
"[145, 211, -4, 6, -5]","[177, 209, -7, 6, -5]","[177, 209, -6, 6, -5]","[177, 209, -6, 3.5, -5]"
"[145, 211, -5, 6, -5]","[145, 211, -4, 6, -5]","[177, 209, -7, 6, -5]","[177, 209, -6, 6, -5]"
"[145, 211, -5, 6, -5]","[145, 211, -5, 6, -5]","[145, 211, -4, 6, -5]","[177, 209, -7, 6, -5]"
"[145, 211, -5, 6, -5]","[145, 211, -5, 6, -5]","[145, 211, -5, 6, -5]","[145, 211, -4, 6, -5]"
"[183, 213, -1, 4.5, -5]","[145, 211, -5, 6, -5]","[145, 211, -5, 6, -5]","[145, 211, -5, 6, -5]"
"[183, 213, -1, 3.5, -5]","[183, 213, -1, 4.5, -5]","[145, 211, -5, 6, -5]","[145, 211, -5, 6, -5]"
"[183, 213, -2, 6, -5]","[183, 213, -1, 3.5, -5]","[183, 213, -1, 4.5, -5]","[145, 211, -5, 6, -5]"
"[190, 214, 4, 6, -5]","[183, 213, -2, 6, -5]","[183, 213, -1, 3.5, -5]","[183, 213, -1, 4.5, -5]"
"[190, 214, 3, 6, -5]","[190, 214, 4, 6, -5]","[183, 213, -2, 6, -5]","[183, 213, -1, 3.5, -5]"
"[190, 214, 3, 6, -5]","[190, 214, 3, 6, -5]","[190, 214, 4, 6, -5]","[183, 213, -2, 6, -5]"
"[190, 214, 2, 6, -5]","[190, 214, 3, 6, -5]","[190, 214, 3, 6, -5]","[190, 214, 4, 6, -5]"
"[216, 216, 6, 6, -5]","[190, 214, 2, 6, -5]","[190, 214, 3, 6, -5]","[190, 214, 3, 6, -5]"
"[216, 216, 5, 6, -5]","[216, 216, 6, 6, -5]","[190, 214, 2, 6, -5]","[190, 214, 3, 6, -5]"
"[216, 216, 5, 6, -5]","[216, 216, 5, 6, -5]","[216, 216, 6, 6, -5]","[190, 214, 2, 6, -5]"
"[217, 194, 6, 6, -5]","[216, 216, 5, 6, -5]","[216, 216, 5, 6, -5]","[216, 216, 6, 6, -5]"
"[217, 194, 6, 3.5, -5]","[217, 194, 6, 6, -5]","[216, 216, 5, 6, -5]","[216, 216, 5, 6, -5]"
"[217, 194, 6, 3.5, -5]","[217, 194, 6, 3.5, -5]","[217, 194, 6, 6, -5]","[216, 216, 5, 6, -5]"
"[219, 178, 6, 3.5, -5]","[217, 194, 6, 3.5, -5]","[217, 194, 6, 3.5, -5]","[217, 194, 6, 6, -5]"
"[219, 178, 6, 3.5, -5]","[219, 178, 6, 3.5, -5]","[217, 194, 6, 3.5, -5]","[217, 194, 6, 3.5, -5]"
"[219, 178, 5, 3.5, -5]","[219, 178, 6, 3.5, -5]","[219, 178, 6, 3.5, -5]","[217, 194, 6, 3.5, -5]"
"[219, 178, 5, 3.5, -5]","[219, 178, 5, 3.5, -5]","[219, 178, 6, 3.5, -5]","[219, 178, 6, 3.5, -5]"
"[220, 194, 5, 3.5, -5]","[219, 178, 5, 3.5, -5]","[219, 178, 5, 3.5, -5]","[219, 178, 6, 3.5, -5]"
"[220, 194, 4, 3.5, -5]","[220, 194, 5, 3.5, -5]","[219, 178, 5, 3.5, -5]","[219, 178, 5, 3.5, -5]"
"[220, 194, 4, 3.5, -5]","[220, 194, 4, 3.5, -5]","[220, 194, 5, 3.5, -5]","[219, 178, 5, 3.5, -5]"
"[220, 194, 4, 3.5, -5]","[220, 194, 4, 3.5, -5]","[220, 194, 4, 3.5, -5]","[220, 194, 5, 3.5, -5]"
"[222, 199, 7, 3.5, -5]","[220, 194, 4, 3.5, -5]","[220, 194, 4, 3.5, -5]","[220, 194, 4, 3.5, -5]"
"[222, 199, 7, 3.5, -5]","[222, 199, 7, 3.5, -5]","[220, 194, 4, 3.5, -5]","[220, 194, 4, 3.5, -5]"
"[222, 199, 7, 3.5, -5]","[222, 199, 7, 3.5, -5]","[222, 199, 7, 3.5, -5]","[220, 194, 4, 3.5, -5]"
"[223, 204, 11, 3.5, -5]","[222, 199, 7, 3.5, -5]","[222, 199, 7, 3.5, -5]","[222, 199, 7, 3.5, -5]"
"[223, 204, 11, 3.5, -6]","[223, 204, 11, 3.5, -5]","[222, 199, 7, 3.5, -5]","[222, 199, 7, 3.5, -5]"
"[223, 204, 11, 3.5, -6]","[223, 204, 11, 3.5, -6]","[223, 204, 11, 3.5, -5]","[222, 199, 7, 3.5, -5]"
"[223, 204, 10, 3.5, -6]","[223, 204, 11, 3.5, -6]","[223, 204, 11, 3.5, -6]","[223, 204, 11, 3.5, -5]"
"[224, 194, 17, 3.5, -6]","[223, 204, 10, 3.5, -6]","[223, 204, 11, 3.5, -6]","[223, 204, 11, 3.5, -6]"
"[224, 194, 17, 3.5, -6]","[224, 194, 17, 3.5, -6]","[223, 204, 10, 3.5, -6]","[223, 204, 11, 3.5, -6]"
"[224, 194, 17, 3.5, -6]","[224, 194, 17, 3.5, -6]","[224, 194, 17, 3.5, -6]","[223, 204, 10, 3.5, -6]"
"[224, 194, 16, 3.5, -6]","[224, 194, 17, 3.5, -6]","[224, 194, 17, 3.5, -6]","[224, 194, 17, 3.5, -6]"
"[224, 194, 16, 3.5, -6]","[224, 194, 16, 3.5, -6]","[224, 194, 17, 3.5, -6]","[224, 194, 17, 3.5, -6]"
"[226, 161, 19, 3.5, -6]","[224, 194, 16, 3.5, -6]","[224, 194, 16, 3.5, -6]","[224, 194, 17, 3.5, -6]"
"[226, 161, 19, 3.5, -6]","[226, 161, 19, 3.5, -6]","[224, 194, 16, 3.5, -6]","[224, 194, 16, 3.5, -6]"
"[226, 161, 19, 3.5, -7]","[226, 161, 19, 3.5, -6]","[226, 161, 19, 3.5, -6]","[224, 194, 16, 3.5, -6]"
"[227, 161, 16, 3.5, -7]","[226, 161, 19, 3.5, -7]","[226, 161, 19, 3.5, -6]","[226, 161, 19, 3.5, -6]"
"[227, 161, 15, 3.5, -7]","[227, 161, 16, 3.5, -7]","[226, 161, 19, 3.5, -7]","[226, 161, 19, 3.5, -6]"
"[227, 161, 15, 3.5, -7]","[227, 161, 15, 3.5, -7]","[227, 161, 16, 3.5, -7]","[226, 161, 19, 3.5, -7]"
"[227, 154, 15, 3.5, -7]","[227, 161, 15, 3.5, -7]","[227, 161, 15, 3.5, -7]","[227, 161, 16, 3.5, -7]"
"[227, 154, 15, 3.5, -7]","[227, 154, 15, 3.5, -7]","[227, 161, 15, 3.5, -7]","[227, 161, 15, 3.5, -7]"
"[228, 165, 17, 3.5, -7]","[227, 154, 15, 3.5, -7]","[227, 154, 15, 3.5, -7]","[227, 161, 15, 3.5, -7]"
"[228, 165, 17, 3.5, -7]","[228, 165, 17, 3.5, -7]","[227, 154, 15, 3.5, -7]","[227, 154, 15, 3.5, -7]"
"[228, 165, 17, 3.5, -8]","[228, 165, 17, 3.5, -7]","[228, 165, 17, 3.5, -7]","[227, 154, 15, 3.5, -7]"
"[228, 165, 17, 3.5, -8]","[228, 165, 17, 3.5, -8]","[228, 165, 17, 3.5, -7]","[228, 165, 17, 3.5, -7]"
"[228, 168, 16, 3.5, -8]","[228, 165, 17, 3.5, -8]","[228, 165, 17, 3.5, -8]","[228, 165, 17, 3.5, -7]"
"[228, 168, 16, 3.5, -8]","[228, 168, 16, 3.5, -8]","[228, 165, 17, 3.5, -8]","[228, 165, 17, 3.5, -8]"
"[228, 168, 16, 3.5, -8]","[228, 168, 16, 3.5, -8]","[228, 168, 16, 3.5, -8]","[228, 165, 17, 3.5, -8]"
"[228, 161, 15, 3.5, -8]","[228, 168, 16, 3.5, -8]","[228, 168, 16, 3.5, -8]","[228, 168, 16, 3.5, -8]"
"[228, 161, 15, 3.5, -8]","[228, 161, 15, 3.5, -8]","[228, 168, 16, 3.5, -8]","[228, 168, 16, 3.5, -8]"
"[228, 161, 15, 3.5, -8]","[228, 161, 15, 3.5, -8]","[228, 161, 15, 3.5, -8]","[228, 168, 16, 3.5, -8]"
"[228, 161, 15, 3.5, -8]","[228, 161, 15, 3.5, -8]","[228, 161, 15, 3.5, -8]","[228, 161, 15, 3.5, -8]"
"[228, 164, 17, 3.5, -8]","[228, 161, 15, 3.5, -8]","[228, 161, 15, 3.5, -8]","[228, 161, 15, 3.5, -8]"
"[228, 164, 17, 3.5, -9]","[228, 164, 17, 3.5, -8]","[228, 161, 15, 3.5, -8]","[228, 161, 15, 3.5, -8]"
"[228, 164, 17, 3.5, -9]","[228, 164, 17, 3.5, -9]","[228, 164, 17, 3.5, -8]","[228, 161, 15, 3.5, -8]"
"[228, 164, 17, 3.5, -9]","[228, 164, 17, 3.5, -9]","[228, 164, 17, 3.5, -9]","[228, 164, 17, 3.5, -8]"
"[228, 167, 20, 3.5, -9]","[228, 164, 17, 3.5, -9]","[228, 164, 17, 3.5, -9]","[228, 164, 17, 3.5, -9]"
"[228, 167, 20, 3.5, -9]","[228, 167, 20, 3.5, -9]","[228, 164, 17, 3.5, -9]","[228, 164, 17, 3.5, -9]"
"[228, 167, 20, 3.5, -9]","[228, 167, 20, 3.5, -9]","[228, 167, 20, 3.5, -9]","[228, 164, 17, 3.5, -9]"
"[228, 167, 20, 3.5, -9]","[228, 167, 20, 3.5, -9]","[228, 167, 20, 3.5, -9]","[228, 167, 20, 3.5, -9]"
"[228, 160, 17, 3.5, -10]","[228, 167, 20, 3.5, -9]","[228, 167, 20, 3.5, -9]","[228, 167, 20, 3.5, -9]"
"[228, 160, 17, 3.5, -10]","[228, 160, 17, 3.5, -10]","[228, 167, 20, 3.5, -9]","[228, 167, 20, 3.5, -9]"
"[228, 160, 18, 3.5, -10]","[228, 160, 17, 3.5, -10]","[228, 160, 17, 3.5, -10]","[228, 167, 20, 3.5, -9]"
"[228, 149, 22, 3.5, -10]","[228, 160, 18, 3.5, -10]","[228, 160, 17, 3.5, -10]","[228, 160, 17, 3.5, -10]"
"[228, 149, 22, 3.5, -10]","[228, 149, 22, 3.5, -10]","[228, 160, 18, 3.5, -10]","[228, 160, 17, 3.5, -10]"
"[228, 149, 22, 3.5, -10]","[228, 149, 22, 3.5, -10]","[228, 149, 22, 3.5, -10]","[228, 160, 18, 3.5, -10]"
"[227, 158, 22, 3.5, -10]","[228, 149, 22, 3.5, -10]","[228, 149, 22, 3.5, -10]","[228, 149, 22, 3.5, -10]"
"[227, 158, 23, 3.5, -10]","[227, 158, 22, 3.5, -10]","[228, 149, 22, 3.5, -10]","[228, 149, 22, 3.5, -10]"
"[227, 140, 20, 3.5, -11]","[227, 158, 23, 3.5, -10]","[227, 158, 22, 3.5, -10]","[228, 149, 22, 3.5, -10]"
"[227, 140, 20, 3.5, -11]","[227, 140, 20, 3.5, -11]","[227, 158, 23, 3.5, -10]","[227, 158, 22, 3.5, -10]"
"[227, 140, 20, 3.5, -11]","[227, 140, 20, 3.5, -11]","[227, 140, 20, 3.5, -11]","[227, 158, 23, 3.5, -10]"
"[227, 140, 21, 3.5, -11]","[227, 140, 20, 3.5, -11]","[227, 140, 20, 3.5, -11]","[227, 140, 20, 3.5, -11]"
"[226, 139, 22, 3.5, -11]","[227, 140, 21, 3.5, -11]","[227, 140, 20, 3.5, -11]","[227, 140, 20, 3.5, -11]"
"[226, 139, 22, 3.5, -11]","[226, 139, 22, 3.5, -11]","[227, 140, 21, 3.5, -11]","[227, 140, 20, 3.5, -11]"
"[226, 139, 23, 3.5, -12]","[226, 139, 22, 3.5, -11]","[226, 139, 22, 3.5, -11]","[227, 140, 21, 3.5, -11]"
"[225, 144, 24, 3.5, -12]","[226, 139, 23, 3.5, -12]","[226, 139, 22, 3.5, -11]","[226, 139, 22, 3.5, -11]"
"[225, 144, 24, 3.5, -12]","[225, 144, 24, 3.5, -12]","[226, 139, 23, 3.5, -12]","[226, 139, 22, 3.5, -11]"
"[225, 144, 25, 3.5, -12]","[225, 144, 24, 3.5, -12]","[225, 144, 24, 3.5, -12]","[226, 139, 23, 3.5, -12]"
"[225, 144, 25, 3.5, -12]","[225, 144, 25, 3.5, -12]","[225, 144, 24, 3.5, -12]","[225, 144, 24, 3.5, -12]"
"[224, 135, 26, 3.5, -13]","[225, 144, 25, 3.5, -12]","[225, 144, 25, 3.5, -12]","[225, 144, 24, 3.5, -12]"
"[224, 135, 27, 3.5, -13]","[224, 135, 26, 3.5, -13]","[225, 144, 25, 3.5, -12]","[225, 144, 25, 3.5, -12]"
"[224, 135, 27, 3.5, -13]","[224, 135, 27, 3.5, -13]","[224, 135, 26, 3.5, -13]","[225, 144, 25, 3.5, -12]"
"[224, 135, 27, 3.5, -13]","[224, 135, 27, 3.5, -13]","[224, 135, 27, 3.5, -13]","[224, 135, 26, 3.5, -13]"
"[223, 123, 26, 3.5, -13]","[224, 135, 27, 3.5, -13]","[224, 135, 27, 3.5, -13]","[224, 135, 27, 3.5, -13]"
"[223, 123, 26, 3.5, -14]","[223, 123, 26, 3.5, -13]","[224, 135, 27, 3.5, -13]","[224, 135, 27, 3.5, -13]"
"[223, 123, 27, 3.5, -14]","[223, 123, 26, 3.5, -14]","[223, 123, 26, 3.5, -13]","[224, 135, 27, 3.5, -13]"
"[222, 114, 25, 3.5, -14]","[223, 123, 27, 3.5, -14]","[223, 123, 26, 3.5, -14]","[223, 123, 26, 3.5, -13]"
"[222, 114, 25, 3.5, -14]","[222, 114, 25, 3.5, -14]","[223, 123, 27, 3.5, -14]","[223, 123, 26, 3.5, -14]"
"[222, 114, 26, 3.5, -14]","[222, 114, 25, 3.5, -14]","[222, 114, 25, 3.5, -14]","[223, 123, 27, 3.5, -14]"
"[220, 115, 23, 3.5, -15]","[222, 114, 26, 3.5, -14]","[222, 114, 25, 3.5, -14]","[222, 114, 25, 3.5, -14]"
"[220, 115, 24, 3.5, -15]","[220, 115, 23, 3.5, -15]","[222, 114, 26, 3.5, -14]","[222, 114, 25, 3.5, -14]"
"[220, 115, 24, 3.5, -15]","[220, 115, 24, 3.5, -15]","[220, 115, 23, 3.5, -15]","[222, 114, 26, 3.5, -14]"
"[220, 115, 25, 3.5, -15]","[220, 115, 24, 3.5, -15]","[220, 115, 24, 3.5, -15]","[220, 115, 23, 3.5, -15]"
"[219, 117, 20, 3.5, -15]","[220, 115, 25, 3.5, -15]","[220, 115, 24, 3.5, -15]","[220, 115, 24, 3.5, -15]"
"[219, 117, 20, 3.5, -16]","[219, 117, 20, 3.5, -15]","[220, 115, 25, 3.5, -15]","[220, 115, 24, 3.5, -15]"
"[219, 117, 21, 3.5, -16]","[219, 117, 20, 3.5, -16]","[219, 117, 20, 3.5, -15]","[220, 115, 25, 3.5, -15]"
"[219, 117, 21, 3.5, -16]","[219, 117, 21, 3.5, -16]","[219, 117, 20, 3.5, -16]","[219, 117, 20, 3.5, -15]"
"[217, 118, 22, 3.5, -16]","[219, 117, 21, 3.5, -16]","[219, 117, 21, 3.5, -16]","[219, 117, 20, 3.5, -16]"
"[217, 118, 22, 3.5, -16]","[217, 118, 22, 3.5, -16]","[219, 117, 21, 3.5, -16]","[219, 117, 21, 3.5, -16]"
"[217, 118, 23, 3.5, -16]","[217, 118, 22, 3.5, -16]","[217, 118, 22, 3.5, -16]","[219, 117, 21, 3.5, -16]"
"[216, 130, 18, 3.5, -17]","[217, 118, 23, 3.5, -16]","[217, 118, 22, 3.5, -16]","[217, 118, 22, 3.5, -16]"
"[216, 130, 19, 3.5, -17]","[216, 130, 18, 3.5, -17]","[217, 118, 23, 3.5, -16]","[217, 118, 22, 3.5, -16]"
"[216, 130, 19, 3.5, -17]","[216, 130, 19, 3.5, -17]","[216, 130, 18, 3.5, -17]","[217, 118, 23, 3.5, -16]"
"[216, 130, 20, 3.5, -17]","[216, 130, 19, 3.5, -17]","[216, 130, 19, 3.5, -17]","[216, 130, 18, 3.5, -17]"
"[214, 117, 20, 3.5, -17]","[216, 130, 20, 3.5, -17]","[216, 130, 19, 3.5, -17]","[216, 130, 19, 3.5, -17]"
"[214, 117, 21, 3.5, -17]","[214, 117, 20, 3.5, -17]","[216, 130, 20, 3.5, -17]","[216, 130, 19, 3.5, -17]"
"[214, 117, 21, 3.5, -18]","[214, 117, 21, 3.5, -17]","[214, 117, 20, 3.5, -17]","[216, 130, 20, 3.5, -17]"
"[214, 117, 22, 3.5, -18]","[214, 117, 21, 3.5, -18]","[214, 117, 21, 3.5, -17]","[214, 117, 20, 3.5, -17]"
"[212, 128, 20, 3.5, -18]","[214, 117, 22, 3.5, -18]","[214, 117, 21, 3.5, -18]","[214, 117, 21, 3.5, -17]"
"[212, 128, 21, 3.5, -18]","[212, 128, 20, 3.5, -18]","[214, 117, 22, 3.5, -18]","[214, 117, 21, 3.5, -18]"
"[212, 128, 21, 3.5, -18]","[212, 128, 21, 3.5, -18]","[212, 128, 20, 3.5, -18]","[214, 117, 22, 3.5, -18]"
"[211, 120, 20, 3.5, -18]","[212, 128, 21, 3.5, -18]","[212, 128, 21, 3.5, -18]","[212, 128, 20, 3.5, -18]"
"[211, 120, 20, 3.5, -19]","[211, 120, 20, 3.5, -18]","[212, 128, 21, 3.5, -18]","[212, 128, 21, 3.5, -18]"
"[211, 120, 21, 3.5, -19]","[211, 120, 20, 3.5, -19]","[211, 120, 20, 3.5, -18]","[212, 128, 21, 3.5, -18]"
"[209, 117, 19, 3.5, -19]","[211, 120, 21, 3.5, -19]","[211, 120, 20, 3.5, -19]","[211, 120, 20, 3.5, -18]"
"[209, 117, 20, 3.5, -19]","[209, 117, 19, 3.5, -19]","[211, 120, 21, 3.5, -19]","[211, 120, 20, 3.5, -19]"
"[209, 117, 20, 3.5, -19]","[209, 117, 20, 3.5, -19]","[209, 117, 19, 3.5, -19]","[211, 120, 21, 3.5, -19]"
"[209, 117, 21, 3.5, -19]","[209, 117, 20, 3.5, -19]","[209, 117, 20, 3.5, -19]","[209, 117, 19, 3.5, -19]"
"[209, 117, 21, 3.5, -19]","[209, 117, 21, 3.5, -19]","[209, 117, 20, 3.5, -19]","[209, 117, 20, 3.5, -19]"
"[209, 117, 22, 3.5, -20]","[209, 117, 21, 3.5, -19]","[209, 117, 21, 3.5, -19]","[209, 117, 20, 3.5, -19]"
"[209, 117, 22, 3.5, -20]","[209, 117, 22, 3.5, -20]","[209, 117, 21, 3.5, -19]","[209, 117, 21, 3.5, -19]"
"[207, 118, 13, 3.5, -20]","[209, 117, 22, 3.5, -20]","[209, 117, 22, 3.5, -20]","[209, 117, 21, 3.5, -19]"
"[207, 118, 13, 3.5, -20]","[207, 118, 13, 3.5, -20]","[209, 117, 22, 3.5, -20]","[209, 117, 22, 3.5, -20]"
"[207, 118, 14, 3.5, -20]","[207, 118, 13, 3.5, -20]","[207, 118, 13, 3.5, -20]","[209, 117, 22, 3.5, -20]"
"[204, 107, 9, 3.5, -20]","[207, 118, 14, 3.5, -20]","[207, 118, 13, 3.5, -20]","[207, 118, 13, 3.5, -20]"
"[204, 107, 10, 3.5, -20]","[204, 107, 9, 3.5, -20]","[207, 118, 14, 3.5, -20]","[207, 118, 13, 3.5, -20]"
"[204, 107, 10, 3.5, -20]","[204, 107, 10, 3.5, -20]","[204, 107, 9, 3.5, -20]","[207, 118, 14, 3.5, -20]"
"[203, 134, 9, 3.5, -20]","[204, 107, 10, 3.5, -20]","[204, 107, 10, 3.5, -20]","[204, 107, 9, 3.5, -20]"
"[203, 134, 9, 3.5, -21]","[203, 134, 9, 3.5, -20]","[204, 107, 10, 3.5, -20]","[204, 107, 10, 3.5, -20]"
"[203, 134, 10, 3.5, -21]","[203, 134, 9, 3.5, -21]","[203, 134, 9, 3.5, -20]","[204, 107, 10, 3.5, -20]"
"[202, 150, 9, 3.5, -21]","[203, 134, 10, 3.5, -21]","[203, 134, 9, 3.5, -21]","[203, 134, 9, 3.5, -20]"
"[202, 150, 10, 3.5, -21]","[202, 150, 9, 3.5, -21]","[203, 134, 10, 3.5, -21]","[203, 134, 9, 3.5, -21]"
"[202, 150, 10, 3.5, -21]","[202, 150, 10, 3.5, -21]","[202, 150, 9, 3.5, -21]","[203, 134, 10, 3.5, -21]"
"[202, 150, 11, 3.5, -21]","[202, 150, 10, 3.5, -21]","[202, 150, 10, 3.5, -21]","[202, 150, 9, 3.5, -21]"
"[200, 144, 12, 3.5, -21]","[202, 150, 11, 3.5, -21]","[202, 150, 10, 3.5, -21]","[202, 150, 10, 3.5, -21]"
"[200, 144, 12, 3.5, -21]","[200, 144, 12, 3.5, -21]","[202, 150, 11, 3.5, -21]","[202, 150, 10, 3.5, -21]"
"[199, 147, 13, 3.5, -21]","[200, 144, 12, 3.5, -21]","[200, 144, 12, 3.5, -21]","[202, 150, 11, 3.5, -21]"
"[199, 147, 13, 3.5, -21]","[199, 147, 13, 3.5, -21]","[200, 144, 12, 3.5, -21]","[200, 144, 12, 3.5, -21]"
"[199, 147, 14, 3.5, -21]","[199, 147, 13, 3.5, -21]","[199, 147, 13, 3.5, -21]","[200, 144, 12, 3.5, -21]"
"[198, 139, 16, 3.5, -21]","[199, 147, 14, 3.5, -21]","[199, 147, 13, 3.5, -21]","[199, 147, 13, 3.5, -21]"
"[198, 139, 16, 3.5, -22]","[198, 139, 16, 3.5, -21]","[199, 147, 14, 3.5, -21]","[199, 147, 13, 3.5, -21]"
"[198, 139, 17, 3.5, -22]","[198, 139, 16, 3.5, -22]","[198, 139, 16, 3.5, -21]","[199, 147, 14, 3.5, -21]"
"[198, 139, 17, 3.5, -22]","[198, 139, 17, 3.5, -22]","[198, 139, 16, 3.5, -22]","[198, 139, 16, 3.5, -21]"
"[196, 126, 15, 3.5, -22]","[198, 139, 17, 3.5, -22]","[198, 139, 17, 3.5, -22]","[198, 139, 16, 3.5, -22]"
"[196, 126, 16, 3.5, -22]","[196, 126, 15, 3.5, -22]","[198, 139, 17, 3.5, -22]","[198, 139, 17, 3.5, -22]"
"[196, 118, 15, 3.5, -22]","[196, 126, 16, 3.5, -22]","[196, 126, 15, 3.5, -22]","[198, 139, 17, 3.5, -22]"
"[196, 118, 15, 3.5, -22]","[196, 118, 15, 3.5, -22]","[196, 126, 16, 3.5, -22]","[196, 126, 15, 3.5, -22]"
"[196, 118, 16, 3.5, -22]","[196, 118, 15, 3.5, -22]","[196, 118, 15, 3.5, -22]","[196, 126, 16, 3.5, -22]"
"[194, 116, 14, 3.5, -22]","[196, 118, 16, 3.5, -22]","[196, 118, 15, 3.5, -22]","[196, 118, 15, 3.5, -22]"
"[194, 116, 14, 3.5, -22]","[194, 116, 14, 3.5, -22]","[196, 118, 16, 3.5, -22]","[196, 118, 15, 3.5, -22]"
"[194, 116, 15, 3.5, -23]","[194, 116, 14, 3.5, -22]","[194, 116, 14, 3.5, -22]","[196, 118, 16, 3.5, -22]"
"[194, 116, 15, 3.5, -23]","[194, 116, 15, 3.5, -23]","[194, 116, 14, 3.5, -22]","[194, 116, 14, 3.5, -22]"
"[194, 119, 13, 3.5, -23]","[194, 116, 15, 3.5, -23]","[194, 116, 15, 3.5, -23]","[194, 116, 14, 3.5, -22]"
"[194, 119, 13, 3.5, -23]","[194, 119, 13, 3.5, -23]","[194, 116, 15, 3.5, -23]","[194, 116, 15, 3.5, -23]"
"[194, 119, 13, 3.5, -23]","[194, 119, 13, 3.5, -23]","[194, 119, 13, 3.5, -23]","[194, 116, 15, 3.5, -23]"
"[194, 119, 14, 3.5, -23]","[194, 119, 13, 3.5, -23]","[194, 119, 13, 3.5, -23]","[194, 119, 13, 3.5, -23]"
"[192, 117, 8, 3.5, -23]","[194, 119, 14, 3.5, -23]","[194, 119, 13, 3.5, -23]","[194, 119, 13, 3.5, -23]"
"[192, 117, 8, 3.5, -23]","[192, 117, 8, 3.5, -23]","[194, 119, 14, 3.5, -23]","[194, 119, 13, 3.5, -23]"
"[192, 117, 8, 3.5, -23]","[192, 117, 8, 3.5, -23]","[192, 117, 8, 3.5, -23]","[194, 119, 14, 3.5, -23]"
"[192, 117, 8, 3.5, -23]","[192, 117, 8, 3.5, -23]","[192, 117, 8, 3.5, -23]","[192, 117, 8, 3.5, -23]"
"[191, 122, 1, 3.5, -24]","[192, 117, 8, 3.5, -23]","[192, 117, 8, 3.5, -23]","[192, 117, 8, 3.5, -23]"
"[191, 122, 1, 3.5, -24]","[191, 122, 1, 3.5, -24]","[192, 117, 8, 3.5, -23]","[192, 117, 8, 3.5, -23]"
"[191, 122, 1, 3.5, -24]","[191, 122, 1, 3.5, -24]","[191, 122, 1, 3.5, -24]","[192, 117, 8, 3.5, -23]"
"[191, 122, 1, 3.5, -24]","[191, 122, 1, 3.5, -24]","[191, 122, 1, 3.5, -24]","[191, 122, 1, 3.5, -24]"
"[191, 140, -4, 3.5, -24]","[191, 122, 1, 3.5, -24]","[191, 122, 1, 3.5, -24]","[191, 122, 1, 3.5, -24]"
"[191, 140, -4, 3.5, -24]","[191, 140, -4, 3.5, -24]","[191, 122, 1, 3.5, -24]","[191, 122, 1, 3.5, -24]"
"[191, 140, -4, 3.5, -23]","[191, 140, -4, 3.5, -24]","[191, 140, -4, 3.5, -24]","[191, 122, 1, 3.5, -24]"
"[190, 163, -6, 3.5, -23]","[191, 140, -4, 3.5, -23]","[191, 140, -4, 3.5, -24]","[191, 140, -4, 3.5, -24]"
"[190, 163, -6, 3.5, -23]","[190, 163, -6, 3.5, -23]","[191, 140, -4, 3.5, -23]","[191, 140, -4, 3.5, -24]"
"[190, 163, -6, 3.5, -23]","[190, 163, -6, 3.5, -23]","[190, 163, -6, 3.5, -23]","[191, 140, -4, 3.5, -23]"
"[190, 181, -11, 3.5, -23]","[190, 163, -6, 3.5, -23]","[190, 163, -6, 3.5, -23]","[190, 163, -6, 3.5, -23]"
"[190, 181, -11, 3.5, -23]","[190, 181, -11, 3.5, -23]","[190, 163, -6, 3.5, -23]","[190, 163, -6, 3.5, -23]"
"[190, 181, -11, 3.5, -23]","[190, 181, -11, 3.5, -23]","[190, 181, -11, 3.5, -23]","[190, 163, -6, 3.5, -23]"
"[190, 181, -15, 3.5, -23]","[190, 181, -11, 3.5, -23]","[190, 181, -11, 3.5, -23]","[190, 181, -11, 3.5, -23]"
"[190, 181, -15, 3.5, -23]","[190, 181, -15, 3.5, -23]","[190, 181, -11, 3.5, -23]","[190, 181, -11, 3.5, -23]"
"[190, 181, -15, 3.5, -23]","[190, 181, -15, 3.5, -23]","[190, 181, -15, 3.5, -23]","[190, 181, -11, 3.5, -23]"
"[176, 190, -15, 3.5, -23]","[190, 181, -15, 3.5, -23]","[190, 181, -15, 3.5, -23]","[190, 181, -15, 3.5, -23]"
"[176, 190, -15, 3.5, -23]","[176, 190, -15, 3.5, -23]","[190, 181, -15, 3.5, -23]","[190, 181, -15, 3.5, -23]"
"[176, 190, -15, 3.5, -23]","[176, 190, -15, 3.5, -23]","[176, 190, -15, 3.5, -23]","[190, 181, -15, 3.5, -23]"
"[176, 190, -15, 3.5, -22]","[176, 190, -15, 3.5, -23]","[176, 190, -15, 3.5, -23]","[176, 190, -15, 3.5, -23]"
"[176, 190, -15, 3.5, -22]","[176, 190, -15, 3.5, -22]","[176, 190, -15, 3.5, -23]","[176, 190, -15, 3.5, -23]"
"[176, 190, -15, 3.5, -22]","[176, 190, -15, 3.5, -22]","[176, 190, -15, 3.5, -22]","[176, 190, -15, 3.5, -23]"
"[161, 190, -14, 3.5, -22]","[176, 190, -15, 3.5, -22]","[176, 190, -15, 3.5, -22]","[176, 190, -15, 3.5, -22]"
"[161, 190, -14, 3.5, -22]","[161, 190, -14, 3.5, -22]","[176, 190, -15, 3.5, -22]","[176, 190, -15, 3.5, -22]"
"[161, 190, -14, 6, -22]","[161, 190, -14, 3.5, -22]","[161, 190, -14, 3.5, -22]","[176, 190, -15, 3.5, -22]"
"[161, 190, -7, 6, -22]","[161, 190, -14, 6, -22]","[161, 190, -14, 3.5, -22]","[161, 190, -14, 3.5, -22]"
"[161, 190, -7, 6, -22]","[161, 190, -7, 6, -22]","[161, 190, -14, 6, -22]","[161, 190, -14, 3.5, -22]"
"[161, 190, -7, 6, -22]","[161, 190, -7, 6, -22]","[161, 190, -7, 6, -22]","[161, 190, -14, 6, -22]"
"[161, 190, -7, 6, -22]","[161, 190, -7, 6, -22]","[161, 190, -7, 6, -22]","[161, 190, -7, 6, -22]"
"[129, 190, -6, 6, -22]","[161, 190, -7, 6, -22]","[161, 190, -7, 6, -22]","[161, 190, -7, 6, -22]"
"[129, 190, -7, 6, -22]","[129, 190, -6, 6, -22]","[161, 190, -7, 6, -22]","[161, 190, -7, 6, -22]"
"[129, 190, -7, 6, -22]","[129, 190, -7, 6, -22]","[129, 190, -6, 6, -22]","[161, 190, -7, 6, -22]"
"[172, 191, -8, 6, -22]","[129, 190, -7, 6, -22]","[129, 190, -7, 6, -22]","[129, 190, -6, 6, -22]"
"[172, 191, -8, 4.5, -22]","[172, 191, -8, 6, -22]","[129, 190, -7, 6, -22]","[129, 190, -7, 6, -22]"
"[172, 191, -9, 6, -21]","[172, 191, -8, 4.5, -22]","[172, 191, -8, 6, -22]","[129, 190, -7, 6, -22]"
"[172, 191, -9, 6, -21]","[172, 191, -9, 6, -21]","[172, 191, -8, 4.5, -22]","[172, 191, -8, 6, -22]"
"[173, 192, -2, 6, -21]","[172, 191, -9, 6, -21]","[172, 191, -9, 6, -21]","[172, 191, -8, 4.5, -22]"
"[173, 192, -3, 6, -21]","[173, 192, -2, 6, -21]","[172, 191, -9, 6, -21]","[172, 191, -9, 6, -21]"
"[173, 192, -3, 6, -21]","[173, 192, -3, 6, -21]","[173, 192, -2, 6, -21]","[172, 191, -9, 6, -21]"
"[173, 192, -3, 6, -21]","[173, 192, -3, 6, -21]","[173, 192, -3, 6, -21]","[173, 192, -2, 6, -21]"
"[167, 193, -4, 3.5, -21]","[173, 192, -3, 6, -21]","[173, 192, -3, 6, -21]","[173, 192, -3, 6, -21]"
"[167, 193, -5, 3.5, -21]","[167, 193, -4, 3.5, -21]","[173, 192, -3, 6, -21]","[173, 192, -3, 6, -21]"
"[167, 193, -5, 3.5, -21]","[167, 193, -5, 3.5, -21]","[167, 193, -4, 3.5, -21]","[173, 192, -3, 6, -21]"
"[194, 191, -2, 6, -21]","[167, 193, -5, 3.5, -21]","[167, 193, -5, 3.5, -21]","[167, 193, -4, 3.5, -21]"
"[194, 191, -2, 6, -21]","[194, 191, -2, 6, -21]","[167, 193, -5, 3.5, -21]","[167, 193, -5, 3.5, -21]"
"[194, 191, -2, 3.5, -21]","[194, 191, -2, 6, -21]","[194, 191, -2, 6, -21]","[167, 193, -5, 3.5, -21]"
"[194, 191, -3, 3.5, -21]","[194, 191, -2, 3.5, -21]","[194, 191, -2, 6, -21]","[194, 191, -2, 6, -21]"
"[195, 191, 3, 3.5, -21]","[194, 191, -3, 3.5, -21]","[194, 191, -2, 3.5, -21]","[194, 191, -2, 6, -21]"
"[195, 191, 3, 3.5, -21]","[195, 191, 3, 3.5, -21]","[194, 191, -3, 3.5, -21]","[194, 191, -2, 3.5, -21]"
"[195, 191, 2, 3.5, -21]","[195, 191, 3, 3.5, -21]","[195, 191, 3, 3.5, -21]","[194, 191, -3, 3.5, -21]"
"[198, 166, -3, 3.5, -21]","[195, 191, 2, 3.5, -21]","[195, 191, 3, 3.5, -21]","[195, 191, 3, 3.5, -21]"
"[198, 166, -4, 3.5, -21]","[198, 166, -3, 3.5, -21]","[195, 191, 2, 3.5, -21]","[195, 191, 3, 3.5, -21]"
"[198, 166, -4, 3.5, -21]","[198, 166, -4, 3.5, -21]","[198, 166, -3, 3.5, -21]","[195, 191, 2, 3.5, -21]"
"[198, 166, -5, 3.5, -21]","[198, 166, -4, 3.5, -21]","[198, 166, -4, 3.5, -21]","[198, 166, -3, 3.5, -21]"
"[198, 166, -5, 3.5, -21]","[198, 166, -5, 3.5, -21]","[198, 166, -4, 3.5, -21]","[198, 166, -4, 3.5, -21]"
"[198, 166, -9, 3.5, -21]","[198, 166, -5, 3.5, -21]","[198, 166, -5, 3.5, -21]","[198, 166, -4, 3.5, -21]"
"[198, 166, -9, 3.5, -21]","[198, 166, -9, 3.5, -21]","[198, 166, -5, 3.5, -21]","[198, 166, -5, 3.5, -21]"
"[198, 166, -9, 3.5, -21]","[198, 166, -9, 3.5, -21]","[198, 166, -9, 3.5, -21]","[198, 166, -5, 3.5, -21]"
"[198, 166, -10, 3.5, -21]","[198, 166, -9, 3.5, -21]","[198, 166, -9, 3.5, -21]","[198, 166, -9, 3.5, -21]"
"[200, 196, -11, 3.5, -21]","[198, 166, -10, 3.5, -21]","[198, 166, -9, 3.5, -21]","[198, 166, -9, 3.5, -21]"
"[200, 196, -12, 3.5, -21]","[200, 196, -11, 3.5, -21]","[198, 166, -10, 3.5, -21]","[198, 166, -9, 3.5, -21]"
"[200, 196, -12, 3.5, -21]","[200, 196, -12, 3.5, -21]","[200, 196, -11, 3.5, -21]","[198, 166, -10, 3.5, -21]"
"[200, 196, -13, 3.5, -21]","[200, 196, -12, 3.5, -21]","[200, 196, -12, 3.5, -21]","[200, 196, -11, 3.5, -21]"
"[192, 202, -14, 3.5, -21]","[200, 196, -13, 3.5, -21]","[200, 196, -12, 3.5, -21]","[200, 196, -12, 3.5, -21]"
"[192, 202, -15, 3.5, -20]","[192, 202, -14, 3.5, -21]","[200, 196, -13, 3.5, -21]","[200, 196, -12, 3.5, -21]"
"[192, 202, -15, 3.5, -20]","[192, 202, -15, 3.5, -20]","[192, 202, -14, 3.5, -21]","[200, 196, -13, 3.5, -21]"
"[183, 203, -12, 3.5, -20]","[192, 202, -15, 3.5, -20]","[192, 202, -15, 3.5, -20]","[192, 202, -14, 3.5, -21]"
"[183, 203, -12, 3.5, -20]","[183, 203, -12, 3.5, -20]","[192, 202, -15, 3.5, -20]","[192, 202, -15, 3.5, -20]"
"[183, 203, -13, 6, -20]","[183, 203, -12, 3.5, -20]","[183, 203, -12, 3.5, -20]","[192, 202, -15, 3.5, -20]"
"[183, 203, -13, 6, -20]","[183, 203, -13, 6, -20]","[183, 203, -12, 3.5, -20]","[183, 203, -12, 3.5, -20]"
"[175, 206, 0, 6, -20]","[183, 203, -13, 6, -20]","[183, 203, -13, 6, -20]","[183, 203, -12, 3.5, -20]"
"[175, 206, 0, 6, -20]","[175, 206, 0, 6, -20]","[183, 203, -13, 6, -20]","[183, 203, -13, 6, -20]"
"[175, 206, -1, 6, -20]","[175, 206, 0, 6, -20]","[175, 206, 0, 6, -20]","[183, 203, -13, 6, -20]"
"[175, 206, -1, 6, -20]","[175, 206, -1, 6, -20]","[175, 206, 0, 6, -20]","[175, 206, 0, 6, -20]"
"[150, 207, 7, 6, -20]","[175, 206, -1, 6, -20]","[175, 206, -1, 6, -20]","[175, 206, 0, 6, -20]"
"[150, 207, 7, 6, -20]","[150, 207, 7, 6, -20]","[175, 206, -1, 6, -20]","[175, 206, -1, 6, -20]"
"[150, 207, 6, 6, -20]","[150, 207, 7, 6, -20]","[150, 207, 7, 6, -20]","[175, 206, -1, 6, -20]"
"[150, 207, 6, 6, -20]","[150, 207, 6, 6, -20]","[150, 207, 7, 6, -20]","[150, 207, 7, 6, -20]"
"[209, 195, 16, 6, -20]","[150, 207, 6, 6, -20]","[150, 207, 6, 6, -20]","[150, 207, 7, 6, -20]"
"[209, 195, 16, 6, -20]","[209, 195, 16, 6, -20]","[150, 207, 6, 6, -20]","[150, 207, 6, 6, -20]"
"[209, 195, 15, 6, -20]","[209, 195, 16, 6, -20]","[209, 195, 16, 6, -20]","[150, 207, 6, 6, -20]"
"[209, 195, 15, 3.5, -21]","[209, 195, 15, 6, -20]","[209, 195, 16, 6, -20]","[209, 195, 16, 6, -20]"
"[210, 148, 24, 3.5, -21]","[209, 195, 15, 3.5, -21]","[209, 195, 15, 6, -20]","[209, 195, 16, 6, -20]"
"[210, 148, 24, 3.5, -21]","[210, 148, 24, 3.5, -21]","[209, 195, 15, 3.5, -21]","[209, 195, 15, 6, -20]"
"[210, 148, 23, 3.5, -21]","[210, 148, 24, 3.5, -21]","[210, 148, 24, 3.5, -21]","[209, 195, 15, 3.5, -21]"
"[212, 139, 25, 3.5, -21]","[210, 148, 23, 3.5, -21]","[210, 148, 24, 3.5, -21]","[210, 148, 24, 3.5, -21]"
"[212, 139, 24, 3.5, -21]","[212, 139, 25, 3.5, -21]","[210, 148, 23, 3.5, -21]","[210, 148, 24, 3.5, -21]"
"[212, 139, 24, 3.5, -22]","[212, 139, 24, 3.5, -21]","[212, 139, 25, 3.5, -21]","[210, 148, 23, 3.5, -21]"
"[212, 139, 23, 3.5, -22]","[212, 139, 24, 3.5, -22]","[212, 139, 24, 3.5, -21]","[212, 139, 25, 3.5, -21]"
"[214, 109, 15, 3.5, -22]","[212, 139, 23, 3.5, -22]","[212, 139, 24, 3.5, -22]","[212, 139, 24, 3.5, -21]"
"[214, 109, 14, 3.5, -22]","[214, 109, 15, 3.5, -22]","[212, 139, 23, 3.5, -22]","[212, 139, 24, 3.5, -22]"
"[214, 109, 14, 3.5, -22]","[214, 109, 14, 3.5, -22]","[214, 109, 15, 3.5, -22]","[212, 139, 23, 3.5, -22]"
"[214, 109, 13, 3.5, -22]","[214, 109, 14, 3.5, -22]","[214, 109, 14, 3.5, -22]","[214, 109, 15, 3.5, -22]"
"[215, 109, 10, 4, -22]","[214, 109, 13, 3.5, -22]","[214, 109, 14, 3.5, -22]","[214, 109, 14, 3.5, -22]"
"[215, 109, 9, 4, -22]","[215, 109, 10, 4, -22]","[214, 109, 13, 3.5, -22]","[214, 109, 14, 3.5, -22]"
"[215, 109, 9, 4, -23]","[215, 109, 9, 4, -22]","[215, 109, 10, 4, -22]","[214, 109, 13, 3.5, -22]"
"[217, 146, 5, 4, -23]","[215, 109, 9, 4, -23]","[215, 109, 9, 4, -22]","[215, 109, 10, 4, -22]"
"[217, 146, 4, 3.5, -23]","[217, 146, 5, 4, -23]","[215, 109, 9, 4, -23]","[215, 109, 9, 4, -22]"
"[217, 146, 4, 3.5, -23]","[217, 146, 4, 3.5, -23]","[217, 146, 5, 4, -23]","[215, 109, 9, 4, -23]"
"[217, 146, 3, 3.5, -23]","[217, 146, 4, 3.5, -23]","[217, 146, 4, 3.5, -23]","[217, 146, 5, 4, -23]"
"[219, 157, 0, 3.5, -23]","[217, 146, 3, 3.5, -23]","[217, 146, 4, 3.5, -23]","[217, 146, 4, 3.5, -23]"
"[219, 157, 0, 3.5, -23]","[219, 157, 0, 3.5, -23]","[217, 146, 3, 3.5, -23]","[217, 146, 4, 3.5, -23]"
"[219, 157, -1, 3.5, -23]","[219, 157, 0, 3.5, -23]","[219, 157, 0, 3.5, -23]","[217, 146, 3, 3.5, -23]"
"[219, 157, -1, 3.5, -23]","[219, 157, -1, 3.5, -23]","[219, 157, 0, 3.5, -23]","[219, 157, 0, 3.5, -23]"
"[221, 184, -1, 3.5, -23]","[219, 157, -1, 3.5, -23]","[219, 157, -1, 3.5, -23]","[219, 157, 0, 3.5, -23]"
"[221, 184, -1, 3.5, -23]","[221, 184, -1, 3.5, -23]","[219, 157, -1, 3.5, -23]","[219, 157, -1, 3.5, -23]"
"[221, 184, -1, 3.5, -23]","[221, 184, -1, 3.5, -23]","[221, 184, -1, 3.5, -23]","[219, 157, -1, 3.5, -23]"
"[222, 199, -2, 3.5, -23]","[221, 184, -1, 3.5, -23]","[221, 184, -1, 3.5, -23]","[221, 184, -1, 3.5, -23]"
"[222, 199, -2, 3.5, -23]","[222, 199, -2, 3.5, -23]","[221, 184, -1, 3.5, -23]","[221, 184, -1, 3.5, -23]"
"[222, 199, -2, 3.5, -23]","[222, 199, -2, 3.5, -23]","[222, 199, -2, 3.5, -23]","[221, 184, -1, 3.5, -23]"
"[222, 199, -3, 3.5, -23]","[222, 199, -2, 3.5, -23]","[222, 199, -2, 3.5, -23]","[222, 199, -2, 3.5, -23]"
"[223, 204, 4, 3.5, -23]","[222, 199, -3, 3.5, -23]","[222, 199, -2, 3.5, -23]","[222, 199, -2, 3.5, -23]"
"[223, 204, 4, 3.5, -23]","[223, 204, 4, 3.5, -23]","[222, 199, -3, 3.5, -23]","[222, 199, -2, 3.5, -23]"
"[223, 204, 4, 3.5, -23]","[223, 204, 4, 3.5, -23]","[223, 204, 4, 3.5, -23]","[222, 199, -3, 3.5, -23]"
"[223, 204, 3, 3.5, -23]","[223, 204, 4, 3.5, -23]","[223, 204, 4, 3.5, -23]","[223, 204, 4, 3.5, -23]"
"[225, 209, 10, 3.5, -23]","[223, 204, 3, 3.5, -23]","[223, 204, 4, 3.5, -23]","[223, 204, 4, 3.5, -23]"
"[225, 209, 10, 3.5, -23]","[225, 209, 10, 3.5, -23]","[223, 204, 3, 3.5, -23]","[223, 204, 4, 3.5, -23]"
"[225, 209, 10, 3.5, -23]","[225, 209, 10, 3.5, -23]","[225, 209, 10, 3.5, -23]","[223, 204, 3, 3.5, -23]"
"[225, 209, 9, 3.5, -23]","[225, 209, 10, 3.5, -23]","[225, 209, 10, 3.5, -23]","[225, 209, 10, 3.5, -23]"
"[226, 189, 10, 3.5, -23]","[225, 209, 9, 3.5, -23]","[225, 209, 10, 3.5, -23]","[225, 209, 10, 3.5, -23]"
"[226, 189, 10, 3.5, -23]","[226, 189, 10, 3.5, -23]","[225, 209, 9, 3.5, -23]","[225, 209, 10, 3.5, -23]"
"[226, 189, 10, 3.5, -23]","[226, 189, 10, 3.5, -23]","[226, 189, 10, 3.5, -23]","[225, 209, 9, 3.5, -23]"
"[226, 189, 10, 3.5, -23]","[226, 189, 10, 3.5, -23]","[226, 189, 10, 3.5, -23]","[226, 189, 10, 3.5, -23]"
"[226, 168, 11, 3.5, -23]","[226, 189, 10, 3.5, -23]","[226, 189, 10, 3.5, -23]","[226, 189, 10, 3.5, -23]"
"[226, 168, 11, 3.5, -23]","[226, 168, 11, 3.5, -23]","[226, 189, 10, 3.5, -23]","[226, 189, 10, 3.5, -23]"
"[227, 169, 12, 3.5, -23]","[226, 168, 11, 3.5, -23]","[226, 168, 11, 3.5, -23]","[226, 189, 10, 3.5, -23]"
"[227, 169, 12, 3.5, -24]","[227, 169, 12, 3.5, -23]","[226, 168, 11, 3.5, -23]","[226, 168, 11, 3.5, -23]"
"[227, 169, 12, 3.5, -24]","[227, 169, 12, 3.5, -24]","[227, 169, 12, 3.5, -23]","[226, 168, 11, 3.5, -23]"
"[227, 169, 12, 3.5, -24]","[227, 169, 12, 3.5, -24]","[227, 169, 12, 3.5, -24]","[227, 169, 12, 3.5, -23]"
"[228, 170, 13, 3.5, -24]","[227, 169, 12, 3.5, -24]","[227, 169, 12, 3.5, -24]","[227, 169, 12, 3.5, -24]"
"[228, 170, 13, 3.5, -24]","[228, 170, 13, 3.5, -24]","[227, 169, 12, 3.5, -24]","[227, 169, 12, 3.5, -24]"
"[228, 170, 13, 3.5, -24]","[228, 170, 13, 3.5, -24]","[228, 170, 13, 3.5, -24]","[227, 169, 12, 3.5, -24]"
"[228, 162, 11, 3.5, -24]","[228, 170, 13, 3.5, -24]","[228, 170, 13, 3.5, -24]","[228, 170, 13, 3.5, -24]"
"[228, 162, 11, 3.5, -24]","[228, 162, 11, 3.5, -24]","[228, 170, 13, 3.5, -24]","[228, 170, 13, 3.5, -24]"
"[228, 162, 11, 3.5, -24]","[228, 162, 11, 3.5, -24]","[228, 162, 11, 3.5, -24]","[228, 170, 13, 3.5, -24]"
"[228, 162, 11, 3.5, -24]","[228, 162, 11, 3.5, -24]","[228, 162, 11, 3.5, -24]","[228, 162, 11, 3.5, -24]"
"[228, 158, 9, 3.5, -24]","[228, 162, 11, 3.5, -24]","[228, 162, 11, 3.5, -24]","[228, 162, 11, 3.5, -24]"
"[228, 158, 9, 3.5, -24]","[228, 158, 9, 3.5, -24]","[228, 162, 11, 3.5, -24]","[228, 162, 11, 3.5, -24]"
"[228, 158, 9, 3.5, -24]","[228, 158, 9, 3.5, -24]","[228, 158, 9, 3.5, -24]","[228, 162, 11, 3.5, -24]"
"[228, 158, 9, 3.5, -25]","[228, 158, 9, 3.5, -24]","[228, 158, 9, 3.5, -24]","[228, 158, 9, 3.5, -24]"
"[228, 165, 9, 3.5, -25]","[228, 158, 9, 3.5, -25]","[228, 158, 9, 3.5, -24]","[228, 158, 9, 3.5, -24]"
"[228, 165, 9, 3.5, -25]","[228, 165, 9, 3.5, -25]","[228, 158, 9, 3.5, -25]","[228, 158, 9, 3.5, -24]"
"[228, 172, 11, 3.5, -25]","[228, 165, 9, 3.5, -25]","[228, 165, 9, 3.5, -25]","[228, 158, 9, 3.5, -25]"
"[228, 172, 11, 3.5, -25]","[228, 172, 11, 3.5, -25]","[228, 165, 9, 3.5, -25]","[228, 165, 9, 3.5, -25]"
"[228, 172, 11, 3.5, -25]","[228, 172, 11, 3.5, -25]","[228, 172, 11, 3.5, -25]","[228, 165, 9, 3.5, -25]"
"[228, 172, 13, 3.5, -25]","[228, 172, 11, 3.5, -25]","[228, 172, 11, 3.5, -25]","[228, 172, 11, 3.5, -25]"
"[228, 172, 13, 3.5, -25]","[228, 172, 13, 3.5, -25]","[228, 172, 11, 3.5, -25]","[228, 172, 11, 3.5, -25]"
"[228, 172, 13, 3.5, -25]","[228, 172, 13, 3.5, -25]","[228, 172, 13, 3.5, -25]","[228, 172, 11, 3.5, -25]"
"[228, 165, 8, 3.5, -25]","[228, 172, 13, 3.5, -25]","[228, 172, 13, 3.5, -25]","[228, 172, 13, 3.5, -25]"
"[228, 165, 8, 3.5, -25]","[228, 165, 8, 3.5, -25]","[228, 172, 13, 3.5, -25]","[228, 172, 13, 3.5, -25]"
"[228, 165, 8, 3.5, -25]","[228, 165, 8, 3.5, -25]","[228, 165, 8, 3.5, -25]","[228, 172, 13, 3.5, -25]"
"[228, 157, 8, 3.5, -25]","[228, 165, 8, 3.5, -25]","[228, 165, 8, 3.5, -25]","[228, 165, 8, 3.5, -25]"
"[228, 157, 8, 3.5, -25]","[228, 157, 8, 3.5, -25]","[228, 165, 8, 3.5, -25]","[228, 165, 8, 3.5, -25]"
"[228, 157, 9, 3.5, -25]","[228, 157, 8, 3.5, -25]","[228, 157, 8, 3.5, -25]","[228, 165, 8, 3.5, -25]"
"[228, 157, 9, 3.5, -26]","[228, 157, 9, 3.5, -25]","[228, 157, 8, 3.5, -25]","[228, 157, 8, 3.5, -25]"
"[227, 174, 13, 3.5, -26]","[228, 157, 9, 3.5, -26]","[228, 157, 9, 3.5, -25]","[228, 157, 8, 3.5, -25]"
"[227, 174, 13, 3.5, -26]","[227, 174, 13, 3.5, -26]","[228, 157, 9, 3.5, -26]","[228, 157, 9, 3.5, -25]"
"[227, 174, 14, 3.5, -26]","[227, 174, 13, 3.5, -26]","[227, 174, 13, 3.5, -26]","[228, 157, 9, 3.5, -26]"
"[226, 169, 18, 3.5, -26]","[227, 174, 14, 3.5, -26]","[227, 174, 13, 3.5, -26]","[227, 174, 13, 3.5, -26]"
"[226, 169, 18, 3.5, -26]","[226, 169, 18, 3.5, -26]","[227, 174, 14, 3.5, -26]","[227, 174, 13, 3.5, -26]"
"[226, 169, 18, 3.5, -26]","[226, 169, 18, 3.5, -26]","[226, 169, 18, 3.5, -26]","[227, 174, 14, 3.5, -26]"
"[226, 169, 19, 3.5, -26]","[226, 169, 18, 3.5, -26]","[226, 169, 18, 3.5, -26]","[226, 169, 18, 3.5, -26]"
"[226, 155, 17, 3.5, -26]","[226, 169, 19, 3.5, -26]","[226, 169, 18, 3.5, -26]","[226, 169, 18, 3.5, -26]"
"[226, 155, 17, 3.5, -26]","[226, 155, 17, 3.5, -26]","[226, 169, 19, 3.5, -26]","[226, 169, 18, 3.5, -26]"
"[226, 155, 18, 3.5, -27]","[226, 155, 17, 3.5, -26]","[226, 155, 17, 3.5, -26]","[226, 169, 19, 3.5, -26]"
"[224, 135, 20, 3.5, -27]","[226, 155, 18, 3.5, -27]","[226, 155, 17, 3.5, -26]","[226, 155, 17, 3.5, -26]"
"[224, 135, 20, 3.5, -27]","[224, 135, 20, 3.5, -27]","[226, 155, 18, 3.5, -27]","[226, 155, 17, 3.5, -26]"
"[224, 135, 21, 3.5, -27]","[224, 135, 20, 3.5, -27]","[224, 135, 20, 3.5, -27]","[226, 155, 18, 3.5, -27]"
"[224, 135, 21, 3.5, -27]","[224, 135, 21, 3.5, -27]","[224, 135, 20, 3.5, -27]","[224, 135, 20, 3.5, -27]"
"[223, 137, 20, 3.5, -27]","[224, 135, 21, 3.5, -27]","[224, 135, 21, 3.5, -27]","[224, 135, 20, 3.5, -27]"
"[223, 137, 20, 3.5, -28]","[223, 137, 20, 3.5, -27]","[224, 135, 21, 3.5, -27]","[224, 135, 21, 3.5, -27]"
"[223, 137, 20, 3.5, -28]","[223, 137, 20, 3.5, -28]","[223, 137, 20, 3.5, -27]","[224, 135, 21, 3.5, -27]"
"[222, 121, 15, 3.5, -28]","[223, 137, 20, 3.5, -28]","[223, 137, 20, 3.5, -28]","[223, 137, 20, 3.5, -27]"
"[222, 121, 15, 3.5, -28]","[222, 121, 15, 3.5, -28]","[223, 137, 20, 3.5, -28]","[223, 137, 20, 3.5, -28]"
"[222, 121, 16, 3.5, -28]","[222, 121, 15, 3.5, -28]","[222, 121, 15, 3.5, -28]","[223, 137, 20, 3.5, -28]"
"[222, 121, 16, 3.5, -28]","[222, 121, 16, 3.5, -28]","[222, 121, 15, 3.5, -28]","[222, 121, 15, 3.5, -28]"
"[221, 123, 16, 3.5, -28]","[222, 121, 16, 3.5, -28]","[222, 121, 16, 3.5, -28]","[222, 121, 15, 3.5, -28]"
"[221, 123, 16, 3.5, -28]","[221, 123, 16, 3.5, -28]","[222, 121, 16, 3.5, -28]","[222, 121, 16, 3.5, -28]"
"[221, 123, 16, 3.5, -29]","[221, 123, 16, 3.5, -28]","[221, 123, 16, 3.5, -28]","[222, 121, 16, 3.5, -28]"
"[221, 123, 17, 3.5, -29]","[221, 123, 16, 3.5, -29]","[221, 123, 16, 3.5, -28]","[221, 123, 16, 3.5, -28]"
"[218, 134, 10, 3.5, -29]","[221, 123, 17, 3.5, -29]","[221, 123, 16, 3.5, -29]","[221, 123, 16, 3.5, -28]"
"[218, 134, 11, 3.5, -29]","[218, 134, 10, 3.5, -29]","[221, 123, 17, 3.5, -29]","[221, 123, 16, 3.5, -29]"
"[218, 134, 11, 3.5, -29]","[218, 134, 11, 3.5, -29]","[218, 134, 10, 3.5, -29]","[221, 123, 17, 3.5, -29]"
"[217, 132, 10, 3.5, -29]","[218, 134, 11, 3.5, -29]","[218, 134, 11, 3.5, -29]","[218, 134, 10, 3.5, -29]"
"[217, 132, 10, 3.5, -29]","[217, 132, 10, 3.5, -29]","[218, 134, 11, 3.5, -29]","[218, 134, 11, 3.5, -29]"
"[217, 132, 11, 3.5, -29]","[217, 132, 10, 3.5, -29]","[217, 132, 10, 3.5, -29]","[218, 134, 11, 3.5, -29]"
"[217, 132, 11, 3.5, -29]","[217, 132, 11, 3.5, -29]","[217, 132, 10, 3.5, -29]","[217, 132, 10, 3.5, -29]"
"[216, 148, 9, 3.5, -29]","[217, 132, 11, 3.5, -29]","[217, 132, 11, 3.5, -29]","[217, 132, 10, 3.5, -29]"
"[216, 148, 9, 3.5, -29]","[216, 148, 9, 3.5, -29]","[217, 132, 11, 3.5, -29]","[217, 132, 11, 3.5, -29]"
"[216, 148, 10, 3.5, -30]","[216, 148, 9, 3.5, -29]","[216, 148, 9, 3.5, -29]","[217, 132, 11, 3.5, -29]"
"[214, 146, 9, 3.5, -30]","[216, 148, 10, 3.5, -30]","[216, 148, 9, 3.5, -29]","[216, 148, 9, 3.5, -29]"
"[214, 146, 10, 3.5, -30]","[214, 146, 9, 3.5, -30]","[216, 148, 10, 3.5, -30]","[216, 148, 9, 3.5, -29]"
"[212, 151, 13, 3.5, -30]","[214, 146, 10, 3.5, -30]","[214, 146, 9, 3.5, -30]","[216, 148, 10, 3.5, -30]"
"[212, 151, 14, 3.5, -30]","[212, 151, 13, 3.5, -30]","[214, 146, 10, 3.5, -30]","[214, 146, 9, 3.5, -30]"
"[212, 151, 14, 3.5, -30]","[212, 151, 14, 3.5, -30]","[212, 151, 13, 3.5, -30]","[214, 146, 10, 3.5, -30]"
"[211, 150, 12, 3.5, -30]","[212, 151, 14, 3.5, -30]","[212, 151, 14, 3.5, -30]","[212, 151, 13, 3.5, -30]"
"[211, 150, 12, 3.5, -30]","[211, 150, 12, 3.5, -30]","[212, 151, 14, 3.5, -30]","[212, 151, 14, 3.5, -30]"
"[211, 150, 12, 3.5, -30]","[211, 150, 12, 3.5, -30]","[211, 150, 12, 3.5, -30]","[212, 151, 14, 3.5, -30]"
"[210, 131, 11, 3.5, -30]","[211, 150, 12, 3.5, -30]","[211, 150, 12, 3.5, -30]","[211, 150, 12, 3.5, -30]"
"[210, 131, 12, 3.5, -30]","[210, 131, 11, 3.5, -30]","[211, 150, 12, 3.5, -30]","[211, 150, 12, 3.5, -30]"
"[210, 131, 12, 3.5, -30]","[210, 131, 12, 3.5, -30]","[210, 131, 11, 3.5, -30]","[211, 150, 12, 3.5, -30]"
"[209, 137, 14, 3.5, -30]","[210, 131, 12, 3.5, -30]","[210, 131, 12, 3.5, -30]","[210, 131, 11, 3.5, -30]"
"[209, 137, 14, 3.5, -31]","[209, 137, 14, 3.5, -30]","[210, 131, 12, 3.5, -30]","[210, 131, 12, 3.5, -30]"
"[209, 137, 15, 3.5, -31]","[209, 137, 14, 3.5, -31]","[209, 137, 14, 3.5, -30]","[210, 131, 12, 3.5, -30]"
"[209, 137, 15, 3.5, -31]","[209, 137, 15, 3.5, -31]","[209, 137, 14, 3.5, -31]","[209, 137, 14, 3.5, -30]"
"[208, 136, 15, 3.5, -31]","[209, 137, 15, 3.5, -31]","[209, 137, 15, 3.5, -31]","[209, 137, 14, 3.5, -31]"
"[208, 136, 15, 3.5, -31]","[208, 136, 15, 3.5, -31]","[209, 137, 15, 3.5, -31]","[209, 137, 15, 3.5, -31]"
"[208, 136, 16, 3.5, -31]","[208, 136, 15, 3.5, -31]","[208, 136, 15, 3.5, -31]","[209, 137, 15, 3.5, -31]"
"[208, 136, 16, 3.5, -31]","[208, 136, 16, 3.5, -31]","[208, 136, 15, 3.5, -31]","[208, 136, 15, 3.5, -31]"
"[206, 123, 13, 3.5, -31]","[208, 136, 16, 3.5, -31]","[208, 136, 16, 3.5, -31]","[208, 136, 15, 3.5, -31]"
"[206, 123, 13, 3.5, -31]","[206, 123, 13, 3.5, -31]","[208, 136, 16, 3.5, -31]","[208, 136, 16, 3.5, -31]"
"[206, 123, 14, 3.5, -31]","[206, 123, 13, 3.5, -31]","[206, 123, 13, 3.5, -31]","[208, 136, 16, 3.5, -31]"
"[204, 121, 13, 3.5, -31]","[206, 123, 14, 3.5, -31]","[206, 123, 13, 3.5, -31]","[206, 123, 13, 3.5, -31]"
"[204, 121, 14, 3.5, -31]","[204, 121, 13, 3.5, -31]","[206, 123, 14, 3.5, -31]","[206, 123, 13, 3.5, -31]"
"[203, 126, 14, 3.5, -32]","[204, 121, 14, 3.5, -31]","[204, 121, 13, 3.5, -31]","[206, 123, 14, 3.5, -31]"
"[203, 126, 15, 3.5, -32]","[203, 126, 14, 3.5, -32]","[204, 121, 14, 3.5, -31]","[204, 121, 13, 3.5, -31]"
"[203, 126, 15, 3.5, -32]","[203, 126, 15, 3.5, -32]","[203, 126, 14, 3.5, -32]","[204, 121, 14, 3.5, -31]"
"[201, 124, 15, 3.5, -32]","[203, 126, 15, 3.5, -32]","[203, 126, 15, 3.5, -32]","[203, 126, 14, 3.5, -32]"
"[201, 124, 15, 3.5, -32]","[201, 124, 15, 3.5, -32]","[203, 126, 15, 3.5, -32]","[203, 126, 15, 3.5, -32]"
"[201, 124, 15, 3.5, -32]","[201, 124, 15, 3.5, -32]","[201, 124, 15, 3.5, -32]","[203, 126, 15, 3.5, -32]"
"[201, 124, 16, 3.5, -32]","[201, 124, 15, 3.5, -32]","[201, 124, 15, 3.5, -32]","[201, 124, 15, 3.5, -32]"
"[200, 116, 13, 3.5, -32]","[201, 124, 16, 3.5, -32]","[201, 124, 15, 3.5, -32]","[201, 124, 15, 3.5, -32]"
"[200, 116, 14, 3.5, -33]","[200, 116, 13, 3.5, -32]","[201, 124, 16, 3.5, -32]","[201, 124, 15, 3.5, -32]"
"[200, 116, 14, 3.5, -33]","[200, 116, 14, 3.5, -33]","[200, 116, 13, 3.5, -32]","[201, 124, 16, 3.5, -32]"
"[198, 110, 10, 3.5, -33]","[200, 116, 14, 3.5, -33]","[200, 116, 14, 3.5, -33]","[200, 116, 13, 3.5, -32]"
"[198, 110, 11, 3.5, -33]","[198, 110, 10, 3.5, -33]","[200, 116, 14, 3.5, -33]","[200, 116, 14, 3.5, -33]"
"[198, 110, 11, 3.5, -33]","[198, 110, 11, 3.5, -33]","[198, 110, 10, 3.5, -33]","[200, 116, 14, 3.5, -33]"
"[198, 110, 12, 3.5, -33]","[198, 110, 11, 3.5, -33]","[198, 110, 11, 3.5, -33]","[198, 110, 10, 3.5, -33]"
"[197, 115, 8, 3.5, -33]","[198, 110, 12, 3.5, -33]","[198, 110, 11, 3.5, -33]","[198, 110, 11, 3.5, -33]"
"[197, 115, 8, 3.5, -33]","[197, 115, 8, 3.5, -33]","[198, 110, 12, 3.5, -33]","[198, 110, 11, 3.5, -33]"
"[197, 115, 9, 3.5, -33]","[197, 115, 8, 3.5, -33]","[197, 115, 8, 3.5, -33]","[198, 110, 12, 3.5, -33]"
"[195, 123, 1, 3.5, -33]","[197, 115, 9, 3.5, -33]","[197, 115, 8, 3.5, -33]","[197, 115, 8, 3.5, -33]"
"[195, 123, 1, 3.5, -33]","[195, 123, 1, 3.5, -33]","[197, 115, 9, 3.5, -33]","[197, 115, 8, 3.5, -33]"
"[195, 123, 2, 3.5, -33]","[195, 123, 1, 3.5, -33]","[195, 123, 1, 3.5, -33]","[197, 115, 9, 3.5, -33]"
"[195, 123, 2, 3.5, -33]","[195, 123, 2, 3.5, -33]","[195, 123, 1, 3.5, -33]","[195, 123, 1, 3.5, -33]"
"[194, 133, -4, 3.5, -33]","[195, 123, 2, 3.5, -33]","[195, 123, 2, 3.5, -33]","[195, 123, 1, 3.5, -33]"
"[194, 133, -4, 3.5, -33]","[194, 133, -4, 3.5, -33]","[195, 123, 2, 3.5, -33]","[195, 123, 2, 3.5, -33]"
"[194, 133, -3, 3.5, -33]","[194, 133, -4, 3.5, -33]","[194, 133, -4, 3.5, -33]","[195, 123, 2, 3.5, -33]"
"[194, 133, -3, 3.5, -33]","[194, 133, -3, 3.5, -33]","[194, 133, -4, 3.5, -33]","[194, 133, -4, 3.5, -33]"
"[193, 153, -8, 3.5, -33]","[194, 133, -3, 3.5, -33]","[194, 133, -3, 3.5, -33]","[194, 133, -4, 3.5, -33]"
"[193, 153, -8, 3.5, -33]","[193, 153, -8, 3.5, -33]","[194, 133, -3, 3.5, -33]","[194, 133, -3, 3.5, -33]"
"[193, 153, -7, 3.5, -33]","[193, 153, -8, 3.5, -33]","[193, 153, -8, 3.5, -33]","[194, 133, -3, 3.5, -33]"
"[193, 153, -7, 3.5, -33]","[193, 153, -7, 3.5, -33]","[193, 153, -8, 3.5, -33]","[193, 153, -8, 3.5, -33]"
"[192, 173, -17, 3.5, -33]","[193, 153, -7, 3.5, -33]","[193, 153, -7, 3.5, -33]","[193, 153, -8, 3.5, -33]"
"[192, 173, -17, 3.5, -33]","[192, 173, -17, 3.5, -33]","[193, 153, -7, 3.5, -33]","[193, 153, -7, 3.5, -33]"
"[192, 173, -17, 3.5, -33]","[192, 173, -17, 3.5, -33]","[192, 173, -17, 3.5, -33]","[193, 153, -7, 3.5, -33]"
"[192, 187, -22, 3.5, -33]","[192, 173, -17, 3.5, -33]","[192, 173, -17, 3.5, -33]","[192, 173, -17, 3.5, -33]"
"[192, 187, -22, 3.5, -32]","[192, 187, -22, 3.5, -33]","[192, 173, -17, 3.5, -33]","[192, 173, -17, 3.5, -33]"
"[192, 187, -22, 3.5, -32]","[192, 187, -22, 3.5, -32]","[192, 187, -22, 3.5, -33]","[192, 173, -17, 3.5, -33]"
"[165, 191, -24, 3.5, -32]","[192, 187, -22, 3.5, -32]","[192, 187, -22, 3.5, -32]","[192, 187, -22, 3.5, -33]"
"[165, 191, -24, 3.5, -32]","[165, 191, -24, 3.5, -32]","[192, 187, -22, 3.5, -32]","[192, 187, -22, 3.5, -32]"
"[165, 191, -24, 3.5, -32]","[165, 191, -24, 3.5, -32]","[165, 191, -24, 3.5, -32]","[192, 187, -22, 3.5, -32]"
"[165, 191, -24, 3.5, -32]","[165, 191, -24, 3.5, -32]","[165, 191, -24, 3.5, -32]","[165, 191, -24, 3.5, -32]"
"[146, 190, -25, 6, -31]","[165, 191, -24, 3.5, -32]","[165, 191, -24, 3.5, -32]","[165, 191, -24, 3.5, -32]"
"[146, 190, -25, 6, -31]","[146, 190, -25, 6, -31]","[165, 191, -24, 3.5, -32]","[165, 191, -24, 3.5, -32]"
"[146, 190, -25, 6, -31]","[146, 190, -25, 6, -31]","[146, 190, -25, 6, -31]","[165, 191, -24, 3.5, -32]"
"[139, 190, -23, 6, -31]","[146, 190, -25, 6, -31]","[146, 190, -25, 6, -31]","[146, 190, -25, 6, -31]"
"[139, 190, -23, 6, -31]","[139, 190, -23, 6, -31]","[146, 190, -25, 6, -31]","[146, 190, -25, 6, -31]"
"[139, 190, -23, 3.5, -30]","[139, 190, -23, 6, -31]","[139, 190, -23, 6, -31]","[146, 190, -25, 6, -31]"
"[139, 190, -23, 3.5, -30]","[139, 190, -23, 3.5, -30]","[139, 190, -23, 6, -31]","[139, 190, -23, 6, -31]"
"[72, 190, -20, 3.5, -30]","[139, 190, -23, 3.5, -30]","[139, 190, -23, 3.5, -30]","[139, 190, -23, 6, -31]"
"[72, 190, -20, 6, -30]","[72, 190, -20, 3.5, -30]","[139, 190, -23, 3.5, -30]","[139, 190, -23, 3.5, -30]"
"[72, 190, -20, 3.5, -30]","[72, 190, -20, 6, -30]","[72, 190, -20, 3.5, -30]","[139, 190, -23, 3.5, -30]"
"[141, 190, -15, 4.5, -30]","[72, 190, -20, 3.5, -30]","[72, 190, -20, 6, -30]","[72, 190, -20, 3.5, -30]"
"[141, 190, -15, 3.5, -29]","[141, 190, -15, 4.5, -30]","[72, 190, -20, 3.5, -30]","[72, 190, -20, 6, -30]"
"[141, 190, -15, 4.5, -29]","[141, 190, -15, 3.5, -29]","[141, 190, -15, 4.5, -30]","[72, 190, -20, 3.5, -30]"
"[141, 190, -15, 4.5, -29]","[141, 190, -15, 4.5, -29]","[141, 190, -15, 3.5, -29]","[141, 190, -15, 4.5, -30]"
"[131, 190, -13, 6, -29]","[141, 190, -15, 4.5, -29]","[141, 190, -15, 4.5, -29]","[141, 190, -15, 3.5, -29]"
"[131, 190, -13, 6, -29]","[131, 190, -13, 6, -29]","[141, 190, -15, 4.5, -29]","[141, 190, -15, 4.5, -29]"
"[131, 190, -13, 6, -29]","[131, 190, -13, 6, -29]","[131, 190, -13, 6, -29]","[141, 190, -15, 4.5, -29]"
"[131, 190, -13, 6, -29]","[131, 190, -13, 6, -29]","[131, 190, -13, 6, -29]","[131, 190, -13, 6, -29]"
"[130, 190, -14, 6, -29]","[131, 190, -13, 6, -29]","[131, 190, -13, 6, -29]","[131, 190, -13, 6, -29]"
"[130, 190, -14, 6, -29]","[130, 190, -14, 6, -29]","[131, 190, -13, 6, -29]","[131, 190, -13, 6, -29]"
"[130, 190, -14, 6, -28]","[130, 190, -14, 6, -29]","[130, 190, -14, 6, -29]","[131, 190, -13, 6, -29]"
"[142, 190, -17, 6, -28]","[130, 190, -14, 6, -28]","[130, 190, -14, 6, -29]","[130, 190, -14, 6, -29]"
"[142, 190, -17, 4.5, -28]","[142, 190, -17, 6, -28]","[130, 190, -14, 6, -28]","[130, 190, -14, 6, -29]"
"[142, 190, -18, 6, -28]","[142, 190, -17, 4.5, -28]","[142, 190, -17, 6, -28]","[130, 190, -14, 6, -28]"
"[142, 190, -18, 6, -28]","[142, 190, -18, 6, -28]","[142, 190, -17, 4.5, -28]","[142, 190, -17, 6, -28]"
"[136, 191, -20, 6, -28]","[142, 190, -18, 6, -28]","[142, 190, -18, 6, -28]","[142, 190, -17, 4.5, -28]"
"[136, 191, -20, 6, -28]","[136, 191, -20, 6, -28]","[142, 190, -18, 6, -28]","[142, 190, -18, 6, -28]"
"[136, 191, -21, 6, -28]","[136, 191, -20, 6, -28]","[136, 191, -20, 6, -28]","[142, 190, -18, 6, -28]"
"[113, 192, -17, 4.5, -28]","[136, 191, -21, 6, -28]","[136, 191, -20, 6, -28]","[136, 191, -20, 6, -28]"
"[113, 192, -17, 6, -27]","[113, 192, -17, 4.5, -28]","[136, 191, -21, 6, -28]","[136, 191, -20, 6, -28]"
"[113, 192, -17, 3.5, -27]","[113, 192, -17, 6, -27]","[113, 192, -17, 4.5, -28]","[136, 191, -21, 6, -28]"
"[113, 192, -18, 3.5, -27]","[113, 192, -17, 3.5, -27]","[113, 192, -17, 6, -27]","[113, 192, -17, 4.5, -28]"
"[101, 192, -18, 4.5, -27]","[113, 192, -18, 3.5, -27]","[113, 192, -17, 3.5, -27]","[113, 192, -17, 6, -27]"
"[101, 192, -18, 4.5, -27]","[101, 192, -18, 4.5, -27]","[113, 192, -18, 3.5, -27]","[113, 192, -17, 3.5, -27]"
"[101, 192, -19, 3.5, -27]","[101, 192, -18, 4.5, -27]","[101, 192, -18, 4.5, -27]","[113, 192, -18, 3.5, -27]"
"[101, 192, -19, 3.5, -27]","[101, 192, -19, 3.5, -27]","[101, 192, -18, 4.5, -27]","[101, 192, -18, 4.5, -27]"
"[163, 194, -14, 3.5, -26]","[101, 192, -19, 3.5, -27]","[101, 192, -19, 3.5, -27]","[101, 192, -18, 4.5, -27]"
"[163, 194, -15, 3.5, -26]","[163, 194, -14, 3.5, -26]","[101, 192, -19, 3.5, -27]","[101, 192, -19, 3.5, -27]"
"[163, 194, -15, 4.5, -26]","[163, 194, -15, 3.5, -26]","[163, 194, -14, 3.5, -26]","[101, 192, -19, 3.5, -27]"
"[160, 195, -13, 6, -26]","[163, 194, -15, 4.5, -26]","[163, 194, -15, 3.5, -26]","[163, 194, -14, 3.5, -26]"
"[160, 195, -13, 6, -26]","[160, 195, -13, 6, -26]","[163, 194, -15, 4.5, -26]","[163, 194, -15, 3.5, -26]"
"[160, 195, -13, 6, -26]","[160, 195, -13, 6, -26]","[160, 195, -13, 6, -26]","[163, 194, -15, 4.5, -26]"
"[174, 196, -14, 6, -26]","[160, 195, -13, 6, -26]","[160, 195, -13, 6, -26]","[160, 195, -13, 6, -26]"
"[174, 196, -14, 6, -26]","[174, 196, -14, 6, -26]","[160, 195, -13, 6, -26]","[160, 195, -13, 6, -26]"
"[174, 196, -15, 6, -26]","[174, 196, -14, 6, -26]","[174, 196, -14, 6, -26]","[160, 195, -13, 6, -26]"
"[146, 197, -23, 6, -26]","[174, 196, -15, 6, -26]","[174, 196, -14, 6, -26]","[174, 196, -14, 6, -26]"
"[146, 197, -24, 6, -25]","[146, 197, -23, 6, -26]","[174, 196, -15, 6, -26]","[174, 196, -14, 6, -26]"
"[146, 197, -24, 6, -25]","[146, 197, -24, 6, -25]","[146, 197, -23, 6, -26]","[174, 196, -15, 6, -26]"
"[146, 197, -24, 6, -25]","[146, 197, -24, 6, -25]","[146, 197, -24, 6, -25]","[146, 197, -23, 6, -26]"
"[142, 199, -26, 3.5, -25]","[146, 197, -24, 6, -25]","[146, 197, -24, 6, -25]","[146, 197, -24, 6, -25]"
"[142, 199, -26, 3.5, -25]","[142, 199, -26, 3.5, -25]","[146, 197, -24, 6, -25]","[146, 197, -24, 6, -25]"
"[142, 199, -27, 3.5, -24]","[142, 199, -26, 3.5, -25]","[142, 199, -26, 3.5, -25]","[146, 197, -24, 6, -25]"
"[82, 200, -27, 3.5, -24]","[142, 199, -27, 3.5, -24]","[142, 199, -26, 3.5, -25]","[142, 199, -26, 3.5, -25]"
"[82, 200, -28, 6, -24]","[82, 200, -27, 3.5, -24]","[142, 199, -27, 3.5, -24]","[142, 199, -26, 3.5, -25]"
"[82, 200, -28, 3.5, -24]","[82, 200, -28, 6, -24]","[82, 200, -27, 3.5, -24]","[142, 199, -27, 3.5, -24]"
"[82, 200, -29, 4.5, -24]","[82, 200, -28, 3.5, -24]","[82, 200, -28, 6, -24]","[82, 200, -27, 3.5, -24]"
"[133, 202, -24, 4.5, -23]","[82, 200, -29, 4.5, -24]","[82, 200, -28, 3.5, -24]","[82, 200, -28, 6, -24]"
"[133, 202, -25, 3.5, -23]","[133, 202, -24, 4.5, -23]","[82, 200, -29, 4.5, -24]","[82, 200, -28, 3.5, -24]"
"[133, 202, -25, 4.5, -23]","[133, 202, -25, 3.5, -23]","[133, 202, -24, 4.5, -23]","[82, 200, -29, 4.5, -24]"
"[133, 202, -26, 3.5, -23]","[133, 202, -25, 4.5, -23]","[133, 202, -25, 3.5, -23]","[133, 202, -24, 4.5, -23]"
"[103, 204, -21, 3.5, -23]","[133, 202, -26, 3.5, -23]","[133, 202, -25, 4.5, -23]","[133, 202, -25, 3.5, -23]"
"[103, 204, -22, 3.5, -22]","[103, 204, -21, 3.5, -23]","[133, 202, -26, 3.5, -23]","[133, 202, -25, 4.5, -23]"
"[103, 204, -22, 3.5, -22]","[103, 204, -22, 3.5, -22]","[103, 204, -21, 3.5, -23]","[133, 202, -26, 3.5, -23]"
"[103, 204, -23, 3.5, -22]","[103, 204, -22, 3.5, -22]","[103, 204, -22, 3.5, -22]","[103, 204, -21, 3.5, -23]"
"[142, 206, -12, 3.5, -22]","[103, 204, -23, 3.5, -22]","[103, 204, -22, 3.5, -22]","[103, 204, -22, 3.5, -22]"
